

----------------------------------------------------
STRUCTURE by Pritchard, Stephens and Donnelly (2000)
     and Falush, Stephens and Pritchard (2003)
       Code by Pritchard, Falush and Hubisz
             Version 2.3.4 (Jul 2012)
----------------------------------------------------



Command line arguments:   bin/structure -m "/Users/Calochortus/Desktop/CAGU_Struct_NoBJ/CAGU_NoBJ/100/mainparams" -e "/Users/Calochortus/Desktop/CAGU_Struct_NoBJ/CAGU_NoBJ/100/extraparams" 
Input File:    /Users/Calochortus/Desktop/CAGU_Struct_NoBJ/CAGU_NoBJ/project_data

Run parameters:
   604 individuals
   12 loci
   7 populations assumed
   100000 Burn-in period
   100000 Reps


--------------------------------------------
Proportion of membership of each pre-defined
 population in each of the 7 clusters

Given    Inferred Clusters                                   Number of
 Pop       1      2      3      4      5      6      7      Individuals

  1:     0.014  0.007  0.016  0.014  0.016  0.918  0.015       32
  2:     0.012  0.014  0.816  0.031  0.042  0.024  0.061       31
  3:     0.021  0.022  0.580  0.058  0.048  0.058  0.212       33
  4:     0.011  0.007  0.820  0.025  0.048  0.017  0.070       28
  5:     0.014  0.022  0.573  0.077  0.084  0.106  0.124       24
  6:     0.073  0.031  0.644  0.019  0.027  0.043  0.163       11
  7:     0.019  0.019  0.088  0.102  0.552  0.083  0.137       28
  8:     0.031  0.015  0.089  0.198  0.396  0.199  0.072       20
 10:     0.026  0.017  0.025  0.207  0.415  0.011  0.299       13
 11:     0.031  0.044  0.107  0.282  0.358  0.040  0.137       28
 12:     0.030  0.015  0.083  0.454  0.150  0.023  0.245       30
 13:     0.033  0.016  0.096  0.367  0.246  0.034  0.207       27
 14:     0.044  0.044  0.043  0.271  0.343  0.024  0.232       32
 15:     0.083  0.020  0.049  0.391  0.207  0.017  0.234       32
 16:     0.133  0.261  0.026  0.133  0.017  0.072  0.358        2
 17:     0.077  0.373  0.042  0.185  0.104  0.024  0.195       32
 18:     0.075  0.616  0.040  0.096  0.040  0.032  0.101       32
 19:     0.026  0.895  0.010  0.019  0.013  0.016  0.021       31
 20:     0.094  0.816  0.027  0.020  0.012  0.010  0.021       30
 21:     0.422  0.233  0.061  0.102  0.028  0.062  0.093       13
 22:     0.690  0.108  0.036  0.074  0.022  0.020  0.049       31
 23:     0.652  0.137  0.023  0.065  0.030  0.035  0.058       30
 24:     0.714  0.021  0.025  0.048  0.058  0.025  0.108       34
--------------------------------------------

Allele-freq. divergence among pops (Net nucleotide distance),
computed using point estimates of P.

      1       2       3       4       5       6       7      
 1      -    0.1105  0.2353  0.1034  0.1560  0.2310  0.1065  
 2   0.1105     -    0.3530  0.1942  0.2515  0.3348  0.1901  
 3   0.2353  0.3530     -    0.1281  0.1074  0.1534  0.0723  
 4   0.1034  0.1942  0.1281     -    0.0361  0.1612  0.0323  
 5   0.1560  0.2515  0.1074  0.0361     -    0.1623  0.0317  
 6   0.2310  0.3348  0.1534  0.1612  0.1623     -    0.1340  
 7   0.1065  0.1901  0.0723  0.0323  0.0317  0.1340     -    

Average distances (expected heterozygosity) between individuals in same cluster:
cluster  1  : 0.6330 
cluster  2  : 0.4314 
cluster  3  : 0.3648 
cluster  4  : 0.5555 
cluster  5  : 0.4770 
cluster  6  : 0.3422 
cluster  7  : 0.5721 

--------------------------------------------
Estimated Ln Prob of Data   = -14016.1
Mean value of ln likelihood = -13441.2
Variance of ln likelihood   = 1149.9
Mean value of alpha         = 0.0562

Mean value of Fst_1         = 0.1220
Mean value of Fst_2         = 0.3199
Mean value of Fst_3         = 0.4308
Mean value of Fst_4         = 0.1002
Mean value of Fst_5         = 0.1808
Mean value of Fst_6         = 0.4881
Mean value of Fst_7         = 0.1234


Inferred ancestry of individuals:
        Label (%Miss) Pop:  Inferred clusters
  1 CAGUABR1    (8)    1 :  0.006 0.007 0.015 0.007 0.009 0.948 0.009 
  2 CAGUABR2    (0)    1 :  0.017 0.011 0.020 0.093 0.055 0.737 0.065 
  3 CAGUABR3    (8)    1 :  0.005 0.006 0.008 0.006 0.009 0.958 0.008 
  4 CAGUABR4    (8)    1 :  0.005 0.004 0.008 0.007 0.008 0.960 0.007 
  5 CAGUABR5    (8)    1 :  0.007 0.009 0.023 0.010 0.012 0.921 0.018 
  6 CAGUABR6    (8)    1 :  0.007 0.006 0.014 0.014 0.018 0.928 0.013 
  7 CAGUABR7    (0)    1 :  0.003 0.003 0.009 0.005 0.006 0.970 0.005 
  8 CAGUABR8    (0)    1 :  0.009 0.007 0.007 0.014 0.016 0.936 0.012 
  9 CAGUABR9    (0)    1 :  0.005 0.008 0.008 0.010 0.006 0.957 0.007 
 10 CAGUABR10    (0)    1 :  0.007 0.006 0.027 0.019 0.021 0.904 0.016 
 11 CAGUABR11    (8)    1 :  0.005 0.005 0.018 0.009 0.010 0.944 0.009 
 12 CAGUABR12    (8)    1 :  0.033 0.018 0.062 0.023 0.043 0.746 0.075 
 13 CAGUABR13    (0)    1 :  0.004 0.005 0.020 0.006 0.011 0.946 0.008 
 14 CAGUABR14    (8)    1 :  0.009 0.013 0.034 0.014 0.014 0.892 0.024 
 15 CAGUABR15    (8)    1 :  0.005 0.006 0.007 0.005 0.007 0.962 0.007 
 16 CAGUABR16   (16)    1 :  0.178 0.007 0.012 0.011 0.011 0.765 0.015 
 17 CAGUABR17    (0)    1 :  0.005 0.008 0.031 0.027 0.014 0.899 0.016 
 18 CAGUABR18    (8)    1 :  0.005 0.005 0.036 0.008 0.008 0.927 0.011 
 19 CAGUABR19    (8)    1 :  0.004 0.004 0.008 0.007 0.011 0.953 0.014 
 20 CAGUABR20    (0)    1 :  0.005 0.005 0.007 0.005 0.006 0.966 0.006 
 21 CAGUABR21    (0)    1 :  0.006 0.006 0.030 0.010 0.026 0.910 0.012 
 22 CAGUABR22    (8)    1 :  0.006 0.005 0.009 0.007 0.007 0.958 0.007 
 23 CAGUABR23    (8)    1 :  0.012 0.015 0.013 0.009 0.007 0.934 0.010 
 24 CAGUABR24    (8)    1 :  0.012 0.014 0.014 0.054 0.028 0.859 0.020 
 25 CAGUABR25    (8)    1 :  0.004 0.004 0.008 0.005 0.005 0.969 0.005 
 26 CAGUABR26    (8)    1 :  0.005 0.004 0.006 0.006 0.006 0.967 0.006 
 27 CAGUABR27    (8)    1 :  0.019 0.005 0.013 0.020 0.056 0.874 0.013 
 28 CAGUABR28    (0)    1 :  0.003 0.003 0.008 0.005 0.006 0.969 0.005 
 29 CAGUABR29    (0)    1 :  0.005 0.005 0.009 0.007 0.007 0.962 0.006 
 30 CAGUABR30    (8)    1 :  0.005 0.005 0.009 0.015 0.035 0.898 0.032 
 31 CAGUABR31    (0)    1 :  0.004 0.004 0.007 0.006 0.006 0.967 0.006 
 32 CAGUABR32    (8)    1 :  0.034 0.008 0.007 0.018 0.015 0.898 0.020 
 33  CAGUAD1    (0)    2 :  0.023 0.023 0.804 0.024 0.026 0.059 0.042 
 34  CAGUAD2    (0)    2 :  0.009 0.008 0.607 0.051 0.223 0.027 0.076 
 35  CAGUAD3    (0)    2 :  0.009 0.010 0.683 0.096 0.089 0.024 0.088 
 36  CAGUAD4   (25)    2 :  0.005 0.004 0.905 0.009 0.012 0.055 0.010 
 37  CAGUAD5    (8)    2 :  0.008 0.004 0.783 0.027 0.015 0.041 0.122 
 38  CAGUAD6    (0)    2 :  0.005 0.005 0.925 0.012 0.031 0.010 0.013 
 39  CAGUAD7    (0)    2 :  0.004 0.004 0.964 0.006 0.007 0.007 0.009 
 40  CAGUAD8    (8)    2 :  0.004 0.005 0.951 0.006 0.012 0.011 0.011 
 41  CAGUAD9    (0)    2 :  0.008 0.008 0.933 0.013 0.012 0.011 0.015 
 42 CAGUAD10   (25)    2 :  0.006 0.006 0.891 0.016 0.034 0.018 0.029 
 43 CAGUAD11    (0)    2 :  0.006 0.005 0.946 0.011 0.013 0.008 0.011 
 44 CAGUAD12    (0)    2 :  0.007 0.009 0.736 0.020 0.033 0.156 0.039 
 45 CAGUAD13    (0)    2 :  0.009 0.007 0.857 0.011 0.010 0.083 0.023 
 46 CAGUAD14    (0)    2 :  0.005 0.005 0.926 0.008 0.018 0.014 0.025 
 47 CAGUAD15    (0)    2 :  0.005 0.005 0.929 0.009 0.013 0.007 0.032 
 48 CAGUAD16    (0)    2 :  0.004 0.003 0.967 0.005 0.007 0.007 0.007 
 49 CAGUAD17    (0)    2 :  0.008 0.007 0.894 0.019 0.035 0.005 0.032 
 50 CAGUAD18    (0)    2 :  0.022 0.016 0.594 0.233 0.037 0.019 0.079 
 51 CAGUAD19    (0)    2 :  0.014 0.006 0.650 0.115 0.084 0.030 0.100 
 52 CAGUAD20    (0)    2 :  0.005 0.005 0.854 0.022 0.070 0.025 0.020 
 53 CAGUAD21    (0)    2 :  0.038 0.035 0.824 0.042 0.019 0.015 0.028 
 54 CAGUAD22    (0)    2 :  0.011 0.009 0.928 0.008 0.010 0.010 0.025 
 55 CAGUAD23    (0)    2 :  0.007 0.009 0.903 0.009 0.012 0.010 0.049 
 56 CAGUAD24    (0)    2 :  0.013 0.062 0.721 0.009 0.008 0.007 0.181 
 57 CAGUAD25    (0)    2 :  0.017 0.006 0.487 0.027 0.034 0.010 0.420 
 58 CAGUAD26   (16)    2 :  0.006 0.005 0.827 0.009 0.013 0.008 0.131 
 59 CAGUAD27    (0)    2 :  0.044 0.089 0.756 0.059 0.024 0.006 0.021 
 60 CAGUAD28    (0)    2 :  0.018 0.005 0.740 0.011 0.053 0.032 0.141 
 61 CAGUAD29    (0)    2 :  0.015 0.046 0.599 0.026 0.238 0.006 0.069 
 62 CAGUAD30    (0)    2 :  0.013 0.008 0.815 0.026 0.091 0.021 0.026 
 63 CAGUAD32    (0)    2 :  0.010 0.005 0.901 0.027 0.031 0.006 0.020 
 64  CAGUBH1    (0)    3 :  0.011 0.017 0.634 0.017 0.041 0.017 0.263 
 65  CAGUBH2    (0)    3 :  0.004 0.005 0.816 0.007 0.012 0.007 0.148 
 66  CAGUBH3   (25)    3 :  0.011 0.012 0.764 0.024 0.040 0.017 0.130 
 67  CAGUBH4    (0)    3 :  0.007 0.009 0.918 0.007 0.008 0.037 0.014 
 68  CAGUBH5    (0)    3 :  0.006 0.006 0.740 0.010 0.032 0.009 0.198 
 69  CAGUBH6    (0)    3 :  0.005 0.005 0.950 0.006 0.009 0.014 0.010 
 70  CAGUBH7    (0)    3 :  0.021 0.017 0.746 0.018 0.022 0.017 0.159 
 71  CAGUBH8   (25)    3 :  0.020 0.018 0.648 0.023 0.022 0.008 0.261 
 72  CAGUBH9    (8)    3 :  0.006 0.006 0.753 0.009 0.026 0.009 0.191 
 73 CAGUBH10    (0)    3 :  0.021 0.016 0.741 0.018 0.023 0.017 0.165 
 74 CAGUBH11    (8)    3 :  0.015 0.025 0.756 0.018 0.010 0.015 0.161 
 75 CAGUBH12   (25)    3 :  0.010 0.012 0.762 0.009 0.015 0.011 0.181 
 76 CAGUBH13   (33)    3 :  0.015 0.010 0.667 0.071 0.038 0.151 0.048 
 77 CAGUBH14   (16)    3 :  0.011 0.018 0.071 0.803 0.024 0.012 0.061 
 78 CAGUBH15    (0)    3 :  0.005 0.006 0.861 0.010 0.051 0.005 0.062 
 79 CAGUBH16    (0)    3 :  0.006 0.005 0.775 0.017 0.122 0.017 0.059 
 80 CAGUBH18    (8)    3 :  0.026 0.066 0.363 0.014 0.030 0.194 0.307 
 81 CAGUBH19    (8)    3 :  0.010 0.031 0.592 0.012 0.080 0.007 0.267 
 82 CAGUBH20    (8)    3 :  0.013 0.013 0.150 0.040 0.107 0.016 0.661 
 83 CAGUBH21    (8)    3 :  0.007 0.023 0.516 0.009 0.017 0.336 0.091 
 84 CAGUBH22    (0)    3 :  0.039 0.008 0.312 0.216 0.062 0.245 0.118 
 85 CAGUBH23    (0)    3 :  0.010 0.006 0.728 0.034 0.068 0.008 0.146 
 86 CAGUBH25   (25)    3 :  0.064 0.064 0.568 0.022 0.025 0.011 0.247 
 87 CAGUBH26    (0)    3 :  0.026 0.067 0.236 0.118 0.076 0.042 0.434 
 88 CAGUBH27    (0)    3 :  0.007 0.010 0.766 0.009 0.014 0.009 0.185 
 89 CAGUBH28   (25)    3 :  0.008 0.085 0.021 0.080 0.123 0.011 0.673 
 90 CAGUBH29    (0)    3 :  0.228 0.030 0.294 0.030 0.073 0.007 0.338 
 91 CAGUBH30    (0)    3 :  0.009 0.009 0.665 0.049 0.154 0.015 0.100 
 92 CAGUBH31    (0)    3 :  0.008 0.007 0.849 0.010 0.008 0.010 0.107 
 93 CAGUBH32    (0)    3 :  0.010 0.011 0.574 0.019 0.031 0.045 0.310 
 94 CAGUBH34    (0)    3 :  0.019 0.034 0.542 0.070 0.066 0.007 0.262 
 95 CAGUBH36   (33)    3 :  0.010 0.017 0.125 0.108 0.051 0.578 0.111 
 96 CAGUBH37    (8)    3 :  0.023 0.054 0.245 0.014 0.116 0.011 0.537 
 97 CAGUMSR1    (0)    4 :  0.006 0.007 0.927 0.012 0.018 0.007 0.023 
 98 CAGUMSR2    (0)    4 :  0.008 0.004 0.873 0.071 0.016 0.009 0.018 
 99 CAGUMSR3    (0)    4 :  0.005 0.004 0.902 0.020 0.015 0.006 0.048 
100 CAGUMSR4    (0)    4 :  0.004 0.004 0.956 0.007 0.011 0.010 0.008 
101 CAGUMSR5    (0)    4 :  0.006 0.009 0.798 0.007 0.010 0.009 0.161 
102 CAGUMSR6    (0)    4 :  0.005 0.004 0.896 0.017 0.037 0.019 0.021 
103 CAGUMSR7    (0)    4 :  0.012 0.008 0.909 0.028 0.012 0.008 0.024 
104 CAGUMSR8    (0)    4 :  0.004 0.003 0.956 0.008 0.013 0.007 0.010 
105 CAGUMSR9    (0)    4 :  0.008 0.010 0.859 0.047 0.022 0.013 0.041 
106 CAGUMSR10    (0)    4 :  0.005 0.008 0.940 0.009 0.011 0.007 0.020 
107 CAGUMSR11    (0)    4 :  0.007 0.012 0.751 0.022 0.040 0.009 0.159 
108 CAGUMSR12    (0)    4 :  0.005 0.004 0.941 0.009 0.010 0.021 0.009 
109 CAGUMSR13    (0)    4 :  0.004 0.004 0.944 0.008 0.011 0.020 0.009 
110 CAGUMSR14    (8)    4 :  0.122 0.026 0.604 0.062 0.013 0.006 0.167 
111 CAGUMSR15    (0)    4 :  0.005 0.004 0.942 0.007 0.008 0.021 0.014 
112 CAGUMSR16    (0)    4 :  0.016 0.006 0.767 0.018 0.069 0.065 0.060 
113 CAGUMSR18    (0)    4 :  0.005 0.013 0.860 0.024 0.017 0.063 0.018 
114 CAGUMSR19    (0)    4 :  0.007 0.006 0.880 0.010 0.013 0.022 0.062 
115 CAGUMSR20    (0)    4 :  0.004 0.004 0.951 0.012 0.010 0.008 0.011 
116 CAGUMSR21    (0)    4 :  0.011 0.010 0.741 0.024 0.036 0.017 0.161 
117 CAGUMSR22    (0)    4 :  0.005 0.004 0.947 0.009 0.014 0.007 0.014 
118 CAGUMSR23    (0)    4 :  0.005 0.004 0.933 0.009 0.010 0.016 0.022 
119 CAGUMSR24    (0)    4 :  0.004 0.003 0.965 0.006 0.009 0.007 0.007 
120 CAGUMSR25    (8)    4 :  0.006 0.006 0.887 0.012 0.015 0.057 0.017 
121 CAGUMSR26    (0)    4 :  0.023 0.008 0.361 0.094 0.355 0.011 0.149 
122 CAGUMSR28    (0)    4 :  0.006 0.005 0.885 0.061 0.018 0.007 0.019 
123 CAGUMSR29   (16)    4 :  0.011 0.008 0.482 0.017 0.432 0.026 0.024 
124 CAGUMSR30    (0)    4 :  0.012 0.009 0.119 0.081 0.107 0.004 0.668 
125 CAGURAT6    (0)    5 :  0.013 0.019 0.692 0.012 0.011 0.174 0.079 
126 CAGURAT8   (16)    5 :  0.016 0.010 0.637 0.035 0.204 0.033 0.065 
127 CAGURAT10    (8)    5 :  0.005 0.005 0.906 0.010 0.025 0.014 0.034 
128 CAGURAT11    (0)    5 :  0.029 0.029 0.605 0.026 0.120 0.049 0.142 
129 CAGURAT12   (25)    5 :  0.014 0.078 0.223 0.051 0.187 0.296 0.152 
130 CAGURAT14   (25)    5 :  0.040 0.014 0.088 0.633 0.034 0.034 0.156 
131 CAGURAT15   (25)    5 :  0.008 0.041 0.800 0.023 0.023 0.058 0.048 
132 CAGURAT16   (16)    5 :  0.023 0.013 0.665 0.024 0.048 0.055 0.172 
133 CAGURAT17    (0)    5 :  0.010 0.015 0.358 0.011 0.089 0.370 0.146 
134 CAGURAT18   (41)    5 :  0.009 0.008 0.062 0.692 0.066 0.064 0.099 
135 CAGURAT19    (8)    5 :  0.016 0.025 0.817 0.013 0.025 0.009 0.095 
136 CAGURAT20   (16)    5 :  0.016 0.036 0.513 0.010 0.024 0.231 0.170 
137 CAGURAT21    (8)    5 :  0.014 0.055 0.730 0.013 0.009 0.005 0.174 
138 CAGURAT22    (8)    5 :  0.007 0.007 0.758 0.033 0.048 0.019 0.128 
139 CAGURAT23    (0)    5 :  0.006 0.005 0.876 0.017 0.029 0.021 0.046 
140 CAGURAT25    (0)    5 :  0.006 0.005 0.857 0.020 0.056 0.015 0.041 
141 CAGURAT29    (0)    5 :  0.011 0.006 0.243 0.029 0.589 0.013 0.109 
142 CAGURAT30    (0)    5 :  0.020 0.020 0.267 0.007 0.008 0.629 0.049 
143 CAGURAT31    (0)    5 :  0.008 0.006 0.636 0.014 0.134 0.007 0.195 
144 CAGURAT32    (8)    5 :  0.016 0.012 0.394 0.062 0.037 0.363 0.116 
145 CAGURAT33   (25)    5 :  0.008 0.006 0.913 0.013 0.013 0.014 0.033 
146 CAGURAT34    (0)    5 :  0.005 0.007 0.915 0.015 0.020 0.008 0.030 
147 CAGURAT35    (0)    5 :  0.010 0.085 0.353 0.013 0.154 0.008 0.376 
148 CAGURAT36    (0)    5 :  0.022 0.015 0.453 0.066 0.056 0.061 0.328 
149  CAGUWP1    (8)    6 :  0.007 0.011 0.868 0.016 0.012 0.010 0.076 
150  CAGUWP7    (8)    6 :  0.011 0.008 0.764 0.024 0.034 0.075 0.084 
151  CAGUWP9   (33)    6 :  0.009 0.016 0.872 0.007 0.010 0.011 0.075 
152 CAGUWP11   (16)    6 :  0.006 0.009 0.717 0.020 0.075 0.013 0.159 
153 CAGUWP14   (16)    6 :  0.046 0.016 0.651 0.023 0.014 0.027 0.223 
154 CAGUWP17   (16)    6 :  0.034 0.104 0.177 0.024 0.039 0.013 0.609 
155 CAGUWP18   (16)    6 :  0.009 0.030 0.784 0.019 0.043 0.022 0.093 
156 CAGUWP19    (8)    6 :  0.479 0.020 0.263 0.019 0.022 0.157 0.040 
157 CAGUWP20    (8)    6 :  0.006 0.009 0.950 0.008 0.008 0.007 0.013 
158 CAGUWP21   (16)    6 :  0.172 0.026 0.450 0.039 0.020 0.039 0.254 
159 CAGUWP22    (8)    6 :  0.027 0.089 0.593 0.010 0.015 0.103 0.164 
160  CAGUSD1   (25)    7 :  0.007 0.014 0.018 0.021 0.845 0.065 0.030 
161  CAGUSD3   (33)    7 :  0.045 0.058 0.028 0.241 0.300 0.188 0.140 
162  CAGUSD4    (0)    7 :  0.012 0.014 0.100 0.040 0.534 0.241 0.059 
163  CAGUSD5   (25)    7 :  0.008 0.008 0.019 0.034 0.880 0.011 0.040 
164  CAGUSD7    (8)    7 :  0.008 0.018 0.208 0.023 0.472 0.012 0.259 
165  CAGUSD8    (8)    7 :  0.008 0.011 0.104 0.253 0.419 0.029 0.175 
166  CAGUSD9    (8)    7 :  0.011 0.011 0.013 0.076 0.403 0.010 0.475 
167 CAGUSD11   (16)    7 :  0.041 0.013 0.256 0.033 0.153 0.177 0.327 
168 CAGUSD12   (16)    7 :  0.016 0.014 0.035 0.339 0.176 0.032 0.388 
169 CAGUSD14    (0)    7 :  0.009 0.005 0.028 0.019 0.782 0.012 0.144 
170 CAGUSD15    (8)    7 :  0.006 0.019 0.014 0.028 0.901 0.013 0.019 
171 CAGUSD16    (8)    7 :  0.008 0.027 0.052 0.102 0.249 0.516 0.047 
172 CAGUSD17   (16)    7 :  0.037 0.018 0.104 0.423 0.105 0.025 0.288 
173 CAGUSD18   (16)    7 :  0.089 0.015 0.337 0.077 0.347 0.023 0.111 
174 CAGUSD19    (0)    7 :  0.011 0.005 0.015 0.038 0.896 0.019 0.016 
175 CAGUSD20    (0)    7 :  0.021 0.083 0.012 0.011 0.789 0.048 0.036 
176 CAGUSD21    (0)    7 :  0.005 0.006 0.319 0.018 0.477 0.020 0.156 
177 CAGUSD22    (0)    7 :  0.005 0.011 0.121 0.389 0.328 0.017 0.129 
178 CAGUSD23   (16)    7 :  0.064 0.017 0.052 0.035 0.472 0.007 0.354 
179 CAGUSD25    (8)    7 :  0.018 0.079 0.045 0.022 0.188 0.528 0.120 
180 CAGUSD27    (0)    7 :  0.004 0.005 0.030 0.009 0.918 0.017 0.017 
181 CAGUSD28   (16)    7 :  0.010 0.012 0.134 0.314 0.326 0.015 0.189 
182 CAGUSD29    (8)    7 :  0.008 0.012 0.017 0.028 0.886 0.023 0.026 
183 CAGUSD30    (0)    7 :  0.013 0.026 0.047 0.022 0.651 0.155 0.085 
184 CAGUSD32    (0)    7 :  0.018 0.011 0.057 0.018 0.830 0.012 0.054 
185 CAGUSD33   (16)    7 :  0.006 0.007 0.015 0.013 0.929 0.009 0.021 
186 CAGUSD34    (8)    7 :  0.006 0.005 0.274 0.101 0.465 0.081 0.067 
187 CAGUSD35    (0)    7 :  0.029 0.015 0.007 0.118 0.739 0.028 0.063 
188 CAGURGR1   (16)    8 :  0.006 0.009 0.022 0.018 0.648 0.273 0.023 
189 CAGURGR4    (0)    8 :  0.024 0.025 0.374 0.070 0.106 0.150 0.251 
190 CAGURGR5    (0)    8 :  0.006 0.004 0.229 0.569 0.072 0.055 0.065 
191 CAGURGR6    (8)    8 :  0.012 0.015 0.022 0.343 0.179 0.324 0.105 
192 CAGURGR7    (0)    8 :  0.044 0.008 0.009 0.026 0.874 0.014 0.027 
193 CAGURGR8    (8)    8 :  0.006 0.005 0.041 0.833 0.020 0.028 0.066 
194 CAGURGR9   (16)    8 :  0.011 0.012 0.045 0.204 0.599 0.056 0.074 
195 CAGURGR10    (0)    8 :  0.051 0.007 0.008 0.014 0.898 0.006 0.016 
196 CAGURGR11    (0)    8 :  0.005 0.005 0.093 0.029 0.527 0.295 0.047 
197 CAGURGR12    (0)    8 :  0.162 0.018 0.009 0.088 0.020 0.662 0.040 
198 CAGURGR13    (0)    8 :  0.006 0.007 0.059 0.287 0.576 0.010 0.055 
199 CAGURGR14    (0)    8 :  0.014 0.013 0.015 0.020 0.542 0.310 0.086 
200 CAGURGR15   (25)    8 :  0.005 0.006 0.018 0.012 0.934 0.011 0.014 
201 CAGURGR16   (16)    8 :  0.010 0.006 0.222 0.464 0.131 0.070 0.096 
202 CAGURGR17    (8)    8 :  0.008 0.017 0.127 0.039 0.059 0.716 0.034 
203 CAGURGR19    (0)    8 :  0.015 0.012 0.008 0.090 0.826 0.017 0.032 
204 CAGURGR21    (8)    8 :  0.013 0.068 0.276 0.159 0.206 0.013 0.264 
205 CAGURGR22    (0)    8 :  0.020 0.041 0.014 0.028 0.053 0.810 0.034 
206 CAGURGR23   (16)    8 :  0.189 0.006 0.151 0.014 0.601 0.008 0.031 
207 CAGURGR24    (8)    8 :  0.011 0.011 0.044 0.646 0.052 0.152 0.085 
208  CAGUCM1    (0)   10 :  0.020 0.054 0.021 0.163 0.545 0.010 0.187 
209  CAGUCM2    (0)   10 :  0.011 0.011 0.011 0.166 0.584 0.005 0.212 
210  CAGUCM3    (0)   10 :  0.012 0.012 0.016 0.182 0.055 0.026 0.697 
211  CAGUCM4    (0)   10 :  0.019 0.007 0.005 0.939 0.010 0.004 0.016 
212  CAGUCM5   (33)   10 :  0.010 0.015 0.077 0.056 0.376 0.009 0.457 
213  CAGUCM6    (0)   10 :  0.028 0.028 0.013 0.207 0.042 0.009 0.674 
214  CAGUCM7    (0)   10 :  0.007 0.005 0.019 0.039 0.857 0.008 0.066 
215  CAGUCM8    (0)   10 :  0.056 0.012 0.062 0.034 0.585 0.013 0.238 
216  CAGUCM9    (0)   10 :  0.006 0.007 0.037 0.130 0.276 0.007 0.537 
217 CAGUCM10    (0)   10 :  0.015 0.006 0.007 0.053 0.761 0.021 0.137 
218 CAGUCM11    (0)   10 :  0.039 0.027 0.030 0.173 0.464 0.017 0.250 
219 CAGUCM12    (8)   10 :  0.039 0.034 0.014 0.365 0.394 0.010 0.145 
220 CAGUCM13    (0)   10 :  0.071 0.009 0.009 0.180 0.451 0.007 0.274 
221 CAGULPR1    (0)   11 :  0.014 0.014 0.562 0.049 0.287 0.016 0.057 
222 CAGULPR2    (0)   11 :  0.024 0.136 0.025 0.694 0.030 0.046 0.045 
223 CAGULPR3    (0)   11 :  0.006 0.004 0.006 0.016 0.939 0.005 0.024 
224 CAGULPR4    (0)   11 :  0.008 0.019 0.046 0.036 0.601 0.010 0.280 
225 CAGULPR5    (0)   11 :  0.009 0.008 0.023 0.649 0.167 0.006 0.139 
226 CAGULPR6    (0)   11 :  0.022 0.156 0.050 0.554 0.049 0.017 0.152 
227 CAGULPR7    (0)   11 :  0.025 0.048 0.013 0.503 0.083 0.006 0.322 
228 CAGULPR8    (0)   11 :  0.007 0.005 0.015 0.015 0.935 0.008 0.015 
229 CAGULPR9    (0)   11 :  0.010 0.007 0.019 0.636 0.156 0.007 0.166 
230 CAGULPR10    (0)   11 :  0.007 0.006 0.177 0.090 0.159 0.494 0.066 
231 CAGULPR11    (0)   11 :  0.008 0.005 0.136 0.216 0.413 0.115 0.107 
232 CAGULPR12    (0)   11 :  0.040 0.004 0.557 0.085 0.239 0.011 0.063 
233 CAGULPR13    (0)   11 :  0.022 0.022 0.278 0.019 0.326 0.037 0.297 
234 CAGULPR14    (0)   11 :  0.006 0.006 0.054 0.117 0.489 0.038 0.291 
235 CAGULPR15    (0)   11 :  0.008 0.007 0.021 0.917 0.019 0.008 0.021 
236 CAGULPR16    (0)   11 :  0.042 0.088 0.090 0.068 0.133 0.190 0.389 
237 CAGULPR17    (0)   11 :  0.360 0.222 0.033 0.106 0.145 0.005 0.130 
238 CAGULPR18    (0)   11 :  0.009 0.009 0.170 0.090 0.598 0.006 0.117 
239 CAGULPR19    (0)   11 :  0.016 0.012 0.042 0.178 0.622 0.006 0.125 
240 CAGULPR20    (0)   11 :  0.031 0.008 0.312 0.035 0.542 0.016 0.056 
241 CAGULPR21    (0)   11 :  0.057 0.279 0.139 0.045 0.304 0.014 0.162 
242 CAGULPR22    (0)   11 :  0.019 0.020 0.009 0.753 0.086 0.006 0.106 
243 CAGULPR23    (0)   11 :  0.017 0.041 0.016 0.048 0.650 0.021 0.206 
244 CAGULPR24    (0)   11 :  0.025 0.016 0.109 0.468 0.254 0.010 0.119 
245 CAGULPR25    (0)   11 :  0.005 0.004 0.026 0.011 0.937 0.008 0.009 
246 CAGULPR26    (0)   11 :  0.038 0.077 0.005 0.812 0.013 0.005 0.049 
247 CAGULPR28    (0)   11 :  0.007 0.004 0.038 0.053 0.715 0.006 0.177 
248 CAGULPR29    (8)   11 :  0.021 0.016 0.030 0.642 0.142 0.009 0.141 
249  CAGUPB1    (0)   12 :  0.015 0.047 0.495 0.107 0.218 0.019 0.098 
250  CAGUPB2    (0)   12 :  0.010 0.008 0.008 0.257 0.024 0.007 0.687 
251  CAGUPB3    (0)   12 :  0.006 0.006 0.011 0.855 0.023 0.058 0.041 
252  CAGUPB4    (0)   12 :  0.014 0.012 0.011 0.829 0.043 0.010 0.082 
253  CAGUPB5    (0)   12 :  0.019 0.012 0.078 0.159 0.176 0.028 0.527 
254  CAGUPB6    (0)   12 :  0.009 0.008 0.683 0.069 0.130 0.043 0.058 
255  CAGUPB7    (0)   12 :  0.009 0.010 0.024 0.801 0.066 0.024 0.066 
256  CAGUPB8    (0)   12 :  0.007 0.008 0.048 0.298 0.231 0.065 0.344 
257  CAGUPB9    (0)   12 :  0.038 0.008 0.061 0.150 0.219 0.015 0.508 
258 CAGUPB10    (0)   12 :  0.012 0.015 0.008 0.530 0.042 0.015 0.378 
259 CAGUPB11    (8)   12 :  0.008 0.007 0.011 0.827 0.028 0.010 0.109 
260 CAGUPB12    (0)   12 :  0.065 0.058 0.383 0.239 0.031 0.009 0.216 
261 CAGUPB13    (0)   12 :  0.032 0.023 0.020 0.836 0.008 0.030 0.050 
262 CAGUPB14    (0)   12 :  0.232 0.005 0.281 0.182 0.104 0.019 0.176 
263 CAGUPB15    (0)   12 :  0.011 0.007 0.011 0.713 0.167 0.008 0.083 
264 CAGUPB16    (0)   12 :  0.008 0.012 0.008 0.529 0.166 0.009 0.268 
265 CAGUPB18    (0)   12 :  0.009 0.011 0.017 0.339 0.155 0.124 0.344 
266 CAGUPB19    (0)   12 :  0.012 0.006 0.014 0.249 0.187 0.014 0.517 
267 CAGUPB20    (0)   12 :  0.011 0.015 0.046 0.147 0.148 0.023 0.610 
268 CAGUPB22    (0)   12 :  0.014 0.020 0.017 0.522 0.127 0.011 0.288 
269 CAGUPB23   (16)   12 :  0.027 0.013 0.014 0.736 0.089 0.009 0.113 
270 CAGUPB24    (0)   12 :  0.040 0.024 0.057 0.196 0.054 0.017 0.612 
271 CAGUPB25    (0)   12 :  0.016 0.024 0.009 0.824 0.029 0.008 0.090 
272 CAGUPB26    (0)   12 :  0.181 0.016 0.042 0.667 0.016 0.009 0.069 
273 CAGUPB27    (0)   12 :  0.010 0.010 0.017 0.200 0.081 0.010 0.673 
274 CAGUPB28    (8)   12 :  0.007 0.009 0.020 0.811 0.077 0.015 0.060 
275 CAGUPB29    (0)   12 :  0.008 0.005 0.023 0.020 0.881 0.027 0.036 
276 CAGUPB30    (0)   12 :  0.008 0.005 0.020 0.126 0.771 0.016 0.054 
277 CAGUPB31    (0)   12 :  0.057 0.036 0.028 0.665 0.072 0.013 0.128 
278 CAGUPB32    (0)   12 :  0.012 0.011 0.016 0.738 0.128 0.019 0.075 
279  CAGUMB1    (0)   13 :  0.032 0.071 0.137 0.153 0.118 0.037 0.453 
280  CAGUMB2    (0)   13 :  0.034 0.037 0.264 0.101 0.292 0.052 0.220 
281  CAGUMB3    (0)   13 :  0.035 0.035 0.021 0.390 0.423 0.018 0.076 
282  CAGUMB4    (0)   13 :  0.023 0.011 0.011 0.683 0.180 0.009 0.083 
283  CAGUMB6    (0)   13 :  0.007 0.015 0.054 0.254 0.167 0.038 0.466 
284  CAGUMB8    (0)   13 :  0.008 0.007 0.015 0.104 0.319 0.335 0.211 
285  CAGUMB9    (0)   13 :  0.006 0.008 0.029 0.352 0.042 0.018 0.545 
286 CAGUMB10    (0)   13 :  0.060 0.010 0.165 0.289 0.073 0.009 0.393 
287 CAGUMB11    (0)   13 :  0.017 0.010 0.374 0.189 0.103 0.021 0.286 
288 CAGUMB12    (0)   13 :  0.008 0.016 0.329 0.324 0.078 0.077 0.168 
289 CAGUMB14    (0)   13 :  0.078 0.009 0.011 0.831 0.017 0.009 0.045 
290 CAGUMB15    (0)   13 :  0.009 0.017 0.034 0.079 0.664 0.008 0.190 
291 CAGUMB16    (0)   13 :  0.042 0.009 0.012 0.197 0.594 0.032 0.114 
292 CAGUMB17    (0)   13 :  0.024 0.039 0.029 0.265 0.222 0.040 0.382 
293 CAGUMB18    (0)   13 :  0.008 0.010 0.016 0.812 0.114 0.009 0.031 
294 CAGUMB19    (0)   13 :  0.014 0.007 0.016 0.055 0.877 0.010 0.021 
295 CAGUMB20    (0)   13 :  0.028 0.006 0.017 0.805 0.022 0.010 0.113 
296 CAGUMB21    (0)   13 :  0.009 0.006 0.081 0.043 0.809 0.006 0.046 
297 CAGUMB22    (0)   13 :  0.011 0.004 0.010 0.896 0.037 0.007 0.035 
298 CAGUMB24    (0)   13 :  0.164 0.004 0.303 0.445 0.019 0.007 0.058 
299 CAGUMB25    (0)   13 :  0.172 0.032 0.099 0.114 0.022 0.012 0.550 
300 CAGUMB26    (0)   13 :  0.007 0.018 0.285 0.097 0.316 0.016 0.261 
301 CAGUMB27    (8)   13 :  0.009 0.024 0.107 0.231 0.265 0.009 0.355 
302 CAGUMB28    (0)   13 :  0.007 0.005 0.092 0.025 0.788 0.010 0.073 
303 CAGUMB29    (0)   13 :  0.013 0.007 0.053 0.675 0.024 0.097 0.131 
304 CAGUMB30    (0)   13 :  0.064 0.020 0.013 0.662 0.015 0.006 0.219 
305 CAGUMB31    (0)   13 :  0.011 0.006 0.009 0.851 0.048 0.020 0.055 
306  CAGUFP1    (8)   14 :  0.031 0.161 0.008 0.091 0.495 0.005 0.208 
307  CAGUFP2    (8)   14 :  0.021 0.010 0.020 0.108 0.535 0.007 0.300 
308  CAGUFP3   (25)   14 :  0.012 0.010 0.048 0.051 0.667 0.009 0.203 
309  CAGUFP4    (8)   14 :  0.055 0.077 0.023 0.087 0.479 0.018 0.262 
310  CAGUFP5    (8)   14 :  0.009 0.011 0.013 0.030 0.860 0.010 0.067 
311  CAGUFP6    (0)   14 :  0.019 0.013 0.018 0.071 0.455 0.011 0.413 
312  CAGUFP7    (0)   14 :  0.082 0.027 0.093 0.101 0.230 0.059 0.408 
313  CAGUFP8   (16)   14 :  0.017 0.328 0.011 0.570 0.010 0.008 0.057 
314  CAGUFP9   (16)   14 :  0.024 0.104 0.013 0.787 0.012 0.008 0.052 
315 CAGUFP10    (0)   14 :  0.063 0.052 0.016 0.694 0.022 0.013 0.139 
316 CAGUFP11    (0)   14 :  0.009 0.043 0.024 0.744 0.044 0.025 0.111 
317 CAGUFP12    (0)   14 :  0.053 0.025 0.052 0.423 0.074 0.022 0.351 
318 CAGUFP14    (0)   14 :  0.019 0.099 0.020 0.224 0.438 0.011 0.188 
319 CAGUFP15    (0)   14 :  0.009 0.005 0.024 0.094 0.275 0.012 0.581 
320 CAGUFP16    (0)   14 :  0.432 0.050 0.034 0.050 0.160 0.024 0.249 
321 CAGUFP17    (0)   14 :  0.009 0.029 0.048 0.706 0.069 0.043 0.095 
322 CAGUFP18    (0)   14 :  0.012 0.051 0.046 0.096 0.032 0.011 0.752 
323 CAGUFP19    (0)   14 :  0.014 0.058 0.068 0.049 0.036 0.016 0.759 
324 CAGUFP20   (25)   14 :  0.007 0.007 0.021 0.120 0.742 0.013 0.090 
325 CAGUFP21    (0)   14 :  0.013 0.005 0.012 0.793 0.119 0.009 0.049 
326 CAGUFP22    (8)   14 :  0.017 0.048 0.107 0.034 0.045 0.012 0.737 
327 CAGUFP23    (0)   14 :  0.014 0.007 0.110 0.215 0.190 0.019 0.444 
328 CAGUFP24    (0)   14 :  0.008 0.012 0.047 0.737 0.059 0.029 0.108 
329 CAGUFP25    (0)   14 :  0.023 0.009 0.120 0.100 0.660 0.009 0.079 
330 CAGUFP27    (0)   14 :  0.022 0.032 0.009 0.861 0.036 0.006 0.034 
331 CAGUFP28   (16)   14 :  0.009 0.006 0.121 0.151 0.461 0.125 0.127 
332 CAGUFP29    (0)   14 :  0.058 0.012 0.042 0.031 0.737 0.018 0.102 
333 CAGUFP30    (0)   14 :  0.008 0.005 0.015 0.023 0.921 0.011 0.018 
334 CAGUFP31    (0)   14 :  0.105 0.073 0.007 0.209 0.527 0.008 0.070 
335 CAGUFP32    (8)   14 :  0.014 0.021 0.012 0.029 0.869 0.011 0.045 
336 CAGUFP33    (8)   14 :  0.187 0.006 0.031 0.177 0.255 0.163 0.181 
337 CAGUFP34    (0)   14 :  0.028 0.008 0.129 0.206 0.476 0.010 0.143 
338 CAGUDIX1    (0)   15 :  0.128 0.034 0.013 0.223 0.435 0.023 0.144 
339 CAGUDIX2    (0)   15 :  0.037 0.014 0.008 0.418 0.237 0.010 0.275 
340 CAGUDIX3    (0)   15 :  0.072 0.082 0.014 0.530 0.040 0.012 0.249 
341 CAGUDIX4    (0)   15 :  0.120 0.051 0.010 0.138 0.076 0.024 0.582 
342 CAGUDIX5    (0)   15 :  0.197 0.008 0.012 0.685 0.043 0.009 0.047 
343 CAGUDIX6    (0)   15 :  0.019 0.014 0.010 0.859 0.015 0.008 0.074 
344 CAGUDIX7    (0)   15 :  0.009 0.009 0.032 0.472 0.125 0.013 0.340 
345 CAGUDIX8    (0)   15 :  0.057 0.014 0.011 0.400 0.020 0.005 0.493 
346 CAGUDIX9    (0)   15 :  0.008 0.011 0.018 0.141 0.238 0.015 0.569 
347 CAGUDIX10    (0)   15 :  0.010 0.005 0.019 0.126 0.401 0.054 0.385 
348 CAGUDIX11    (8)   15 :  0.016 0.031 0.013 0.121 0.202 0.012 0.606 
349 CAGUDIX12    (0)   15 :  0.032 0.011 0.017 0.054 0.830 0.011 0.045 
350 CAGUDIX13    (0)   15 :  0.083 0.022 0.018 0.034 0.577 0.109 0.158 
351 CAGUDIX14    (8)   15 :  0.417 0.008 0.016 0.040 0.478 0.006 0.034 
352 CAGUDIX15   (25)   15 :  0.010 0.011 0.033 0.524 0.278 0.008 0.136 
353 CAGUDIX16    (0)   15 :  0.036 0.007 0.070 0.080 0.641 0.016 0.151 
354 CAGUDIX17    (0)   15 :  0.015 0.012 0.009 0.905 0.025 0.005 0.029 
355 CAGUDIX18    (0)   15 :  0.044 0.034 0.023 0.623 0.131 0.014 0.131 
356 CAGUDIX19    (0)   15 :  0.008 0.006 0.331 0.548 0.036 0.013 0.058 
357 CAGUDIX20    (0)   15 :  0.148 0.017 0.016 0.387 0.240 0.005 0.185 
358 CAGUDIX21   (16)   15 :  0.014 0.009 0.014 0.553 0.099 0.011 0.299 
359 CAGUDIX22    (0)   15 :  0.016 0.038 0.030 0.286 0.223 0.006 0.401 
360 CAGUDIX23    (0)   15 :  0.151 0.016 0.010 0.086 0.663 0.009 0.065 
361 CAGUDIX24    (0)   15 :  0.009 0.005 0.024 0.610 0.165 0.022 0.167 
362 CAGUDIX25    (0)   15 :  0.412 0.015 0.047 0.148 0.052 0.012 0.314 
363 CAGUDIX26    (0)   15 :  0.032 0.046 0.009 0.709 0.030 0.054 0.119 
364 CAGUDIX27    (0)   15 :  0.276 0.026 0.011 0.122 0.101 0.011 0.453 
365 CAGUDIX28    (0)   15 :  0.018 0.008 0.063 0.283 0.047 0.008 0.574 
366 CAGUDIX29    (0)   15 :  0.016 0.008 0.013 0.830 0.061 0.011 0.061 
367 CAGUDIX30    (8)   15 :  0.020 0.011 0.471 0.248 0.033 0.014 0.204 
368 CAGUDIX31    (8)   15 :  0.168 0.006 0.181 0.504 0.036 0.013 0.091 
369 CAGUDIX32    (0)   15 :  0.053 0.043 0.009 0.823 0.032 0.006 0.033 
370 CAGUCR1151    (0)   16 :  0.095 0.239 0.040 0.227 0.021 0.120 0.257 
371 CAGUCR1152   (16)   16 :  0.170 0.284 0.011 0.039 0.013 0.025 0.458 
372  CAGUSL1    (8)   17 :  0.017 0.720 0.042 0.029 0.065 0.052 0.075 
373  CAGUSL2    (0)   17 :  0.023 0.089 0.012 0.315 0.056 0.010 0.494 
374  CAGUSL3    (0)   17 :  0.019 0.462 0.132 0.045 0.031 0.036 0.275 
375  CAGUSL4    (0)   17 :  0.158 0.702 0.010 0.047 0.044 0.008 0.031 
376  CAGUSL5    (0)   17 :  0.062 0.569 0.028 0.103 0.159 0.006 0.073 
377  CAGUSL6    (0)   17 :  0.039 0.467 0.052 0.268 0.064 0.021 0.090 
378  CAGUSL7    (0)   17 :  0.074 0.115 0.073 0.052 0.176 0.039 0.471 
379  CAGUSL8    (0)   17 :  0.167 0.309 0.028 0.064 0.042 0.050 0.340 
380  CAGUSL9   (25)   17 :  0.017 0.033 0.019 0.788 0.075 0.013 0.055 
381 CAGUSL10    (8)   17 :  0.020 0.493 0.057 0.028 0.238 0.011 0.152 
382 CAGUSL11   (16)   17 :  0.166 0.601 0.015 0.048 0.052 0.010 0.108 
383 CAGUSL12    (0)   17 :  0.019 0.465 0.053 0.055 0.190 0.026 0.191 
384 CAGUSL13    (0)   17 :  0.017 0.662 0.087 0.045 0.070 0.015 0.103 
385 CAGUSL14    (0)   17 :  0.029 0.081 0.037 0.114 0.120 0.009 0.609 
386 CAGUSL15    (8)   17 :  0.036 0.433 0.033 0.070 0.075 0.036 0.317 
387 CAGUSL16    (0)   17 :  0.032 0.130 0.022 0.093 0.340 0.039 0.346 
388 CAGUSL17    (8)   17 :  0.937 0.014 0.005 0.012 0.012 0.009 0.011 
389 CAGUSL18    (0)   17 :  0.022 0.572 0.115 0.058 0.076 0.060 0.096 
390 CAGUSL19    (0)   17 :  0.093 0.090 0.039 0.342 0.131 0.099 0.207 
391 CAGUSL20    (8)   17 :  0.055 0.747 0.022 0.042 0.063 0.018 0.053 
392 CAGUSL21    (0)   17 :  0.036 0.609 0.036 0.066 0.150 0.021 0.083 
393 CAGUSL22    (0)   17 :  0.032 0.384 0.034 0.111 0.256 0.032 0.150 
394 CAGUSL23    (8)   17 :  0.026 0.659 0.012 0.200 0.033 0.013 0.057 
395 CAGUSL24    (0)   17 :  0.056 0.060 0.114 0.049 0.133 0.007 0.583 
396 CAGUSL25    (8)   17 :  0.077 0.029 0.058 0.097 0.300 0.039 0.399 
397 CAGUSL26    (8)   17 :  0.024 0.033 0.016 0.529 0.079 0.009 0.311 
398 CAGUSL27    (0)   17 :  0.009 0.902 0.022 0.019 0.019 0.011 0.018 
399 CAGUSL28    (0)   17 :  0.097 0.407 0.105 0.194 0.076 0.011 0.110 
400 CAGUSL29    (0)   17 :  0.031 0.010 0.013 0.727 0.096 0.010 0.112 
401 CAGUSL30    (0)   17 :  0.028 0.573 0.014 0.167 0.074 0.021 0.123 
402 CAGUSL31    (0)   17 :  0.017 0.491 0.023 0.296 0.032 0.009 0.131 
403 CAGUSL32    (8)   17 :  0.038 0.031 0.006 0.851 0.018 0.007 0.048 
404  CAGUSR1    (0)   18 :  0.011 0.730 0.043 0.031 0.030 0.114 0.043 
405  CAGUSR2    (8)   18 :  0.028 0.717 0.101 0.027 0.034 0.029 0.065 
406  CAGUSR3    (8)   18 :  0.019 0.935 0.011 0.009 0.009 0.007 0.011 
407  CAGUSR4    (8)   18 :  0.039 0.717 0.024 0.058 0.062 0.039 0.063 
408  CAGUSR5    (0)   18 :  0.012 0.823 0.009 0.052 0.055 0.020 0.028 
409  CAGUSR6    (0)   18 :  0.058 0.079 0.042 0.338 0.220 0.019 0.244 
410  CAGUSR7    (0)   18 :  0.035 0.706 0.102 0.080 0.010 0.026 0.041 
411  CAGUSR8    (8)   18 :  0.088 0.691 0.006 0.103 0.059 0.006 0.046 
412  CAGUSR9    (8)   18 :  0.005 0.964 0.010 0.005 0.006 0.003 0.006 
413 CAGUSR10    (8)   18 :  0.017 0.924 0.008 0.011 0.008 0.020 0.013 
414 CAGUSR11    (0)   18 :  0.033 0.607 0.042 0.182 0.016 0.012 0.108 
415 CAGUSR12    (8)   18 :  0.025 0.767 0.005 0.041 0.012 0.062 0.088 
416 CAGUSR13   (16)   18 :  0.045 0.824 0.031 0.042 0.016 0.013 0.029 
417 CAGUSR14    (0)   18 :  0.058 0.652 0.051 0.080 0.080 0.037 0.042 
418 CAGUSR15    (8)   18 :  0.191 0.472 0.019 0.122 0.043 0.027 0.126 
419 CAGUSR16    (8)   18 :  0.179 0.197 0.026 0.171 0.090 0.088 0.250 
420 CAGUSR17    (0)   18 :  0.014 0.859 0.030 0.019 0.044 0.011 0.024 
421 CAGUSR18    (0)   18 :  0.153 0.348 0.017 0.176 0.053 0.113 0.140 
422 CAGUSR19    (8)   18 :  0.096 0.659 0.058 0.099 0.014 0.006 0.067 
423 CAGUSR20    (0)   18 :  0.015 0.700 0.062 0.147 0.014 0.040 0.022 
424 CAGUSR21    (0)   18 :  0.029 0.655 0.189 0.030 0.023 0.043 0.030 
425 CAGUSR22    (0)   18 :  0.013 0.859 0.010 0.018 0.017 0.068 0.014 
426 CAGUSR23    (0)   18 :  0.092 0.047 0.028 0.340 0.076 0.036 0.381 
427 CAGUSR24    (0)   18 :  0.038 0.100 0.111 0.454 0.067 0.033 0.197 
428 CAGUSR25    (8)   18 :  0.027 0.431 0.021 0.055 0.093 0.025 0.348 
429 CAGUSR26    (0)   18 :  0.285 0.380 0.052 0.025 0.012 0.006 0.241 
430 CAGUSR27    (0)   18 :  0.014 0.699 0.054 0.022 0.038 0.006 0.166 
431 CAGUSR28    (0)   18 :  0.008 0.925 0.011 0.013 0.014 0.015 0.014 
432 CAGUSR29    (0)   18 :  0.051 0.456 0.006 0.173 0.014 0.017 0.284 
433 CAGUSR30    (8)   18 :  0.647 0.134 0.007 0.106 0.015 0.051 0.040 
434 CAGUSR31    (0)   18 :  0.073 0.709 0.103 0.029 0.030 0.012 0.044 
435 CAGUSR32    (0)   18 :  0.014 0.944 0.005 0.009 0.007 0.009 0.012 
436 CAGUDCR1    (0)   19 :  0.010 0.946 0.006 0.007 0.009 0.012 0.011 
437 CAGUDCR2    (8)   19 :  0.130 0.570 0.018 0.123 0.039 0.019 0.102 
438 CAGUDCR3    (0)   19 :  0.021 0.859 0.015 0.022 0.033 0.026 0.025 
439 CAGUDCR4    (0)   19 :  0.005 0.969 0.005 0.006 0.006 0.004 0.005 
440 CAGUDCR5    (8)   19 :  0.008 0.942 0.009 0.011 0.011 0.009 0.010 
441 CAGUDCR6    (0)   19 :  0.011 0.961 0.004 0.008 0.005 0.004 0.006 
442 CAGUDCR7    (0)   19 :  0.019 0.952 0.005 0.006 0.007 0.005 0.007 
443 CAGUDCR8    (0)   19 :  0.039 0.788 0.069 0.026 0.023 0.018 0.036 
444 CAGUDCR9   (16)   19 :  0.008 0.967 0.004 0.005 0.005 0.004 0.007 
445 CAGUDCR10    (0)   19 :  0.005 0.797 0.005 0.005 0.006 0.176 0.006 
446 CAGUDCR11    (0)   19 :  0.014 0.893 0.010 0.025 0.023 0.017 0.018 
447 CAGUDCR12    (0)   19 :  0.101 0.852 0.006 0.014 0.009 0.005 0.013 
448 CAGUDCR13    (0)   19 :  0.047 0.884 0.019 0.011 0.013 0.011 0.014 
449 CAGUDCR15    (0)   19 :  0.007 0.963 0.006 0.005 0.007 0.006 0.007 
450 CAGUDCR16    (0)   19 :  0.176 0.750 0.010 0.010 0.010 0.034 0.010 
451 CAGUDCR17    (0)   19 :  0.007 0.954 0.004 0.016 0.005 0.006 0.007 
452 CAGUDCR18    (0)   19 :  0.033 0.893 0.006 0.029 0.013 0.006 0.019 
453 CAGUDCR19    (0)   19 :  0.009 0.723 0.030 0.107 0.039 0.012 0.079 
454 CAGUDCR20    (0)   19 :  0.010 0.955 0.004 0.012 0.006 0.007 0.006 
455 CAGUDCR21    (8)   19 :  0.044 0.874 0.008 0.015 0.022 0.022 0.014 
456 CAGUDCR22   (16)   19 :  0.012 0.907 0.012 0.025 0.016 0.007 0.021 
457 CAGUDCR23    (8)   19 :  0.011 0.951 0.008 0.007 0.009 0.004 0.010 
458 CAGUDCR24    (0)   19 :  0.006 0.969 0.004 0.005 0.006 0.005 0.006 
459 CAGUDCR25    (0)   19 :  0.008 0.964 0.008 0.005 0.005 0.004 0.007 
460 CAGUDCR26    (8)   19 :  0.007 0.902 0.013 0.013 0.020 0.032 0.014 
461 CAGUDCR27    (8)   19 :  0.012 0.743 0.007 0.033 0.026 0.011 0.168 
462 CAGUDCR28    (8)   19 :  0.007 0.962 0.005 0.007 0.007 0.005 0.007 
463 CAGUDCR29    (0)   19 :  0.005 0.960 0.007 0.006 0.007 0.007 0.008 
464 CAGUDCR30    (0)   19 :  0.016 0.960 0.003 0.005 0.005 0.004 0.006 
465 CAGUDCR31    (0)   19 :  0.005 0.975 0.004 0.004 0.004 0.004 0.005 
466 CAGUDCR32   (16)   19 :  0.011 0.964 0.004 0.006 0.005 0.004 0.007 
467 CAGUSCR1    (8)   20 :  0.038 0.879 0.006 0.041 0.013 0.004 0.018 
468 CAGUSCR2    (8)   20 :  0.111 0.826 0.013 0.009 0.014 0.015 0.012 
469 CAGUSCR3    (0)   20 :  0.006 0.968 0.004 0.005 0.006 0.005 0.005 
470 CAGUSCR4    (8)   20 :  0.013 0.834 0.008 0.105 0.013 0.005 0.021 
471 CAGUSCR5    (0)   20 :  0.083 0.530 0.272 0.014 0.011 0.006 0.085 
472 CAGUSCR6    (0)   20 :  0.010 0.939 0.021 0.008 0.007 0.004 0.010 
473 CAGUSCR7    (8)   20 :  0.045 0.888 0.017 0.011 0.008 0.013 0.019 
474 CAGUSCR8   (25)   20 :  0.257 0.673 0.008 0.013 0.012 0.012 0.025 
475 CAGUSCR9    (8)   20 :  0.007 0.967 0.008 0.004 0.004 0.004 0.005 
476 CAGUSCR10    (8)   20 :  0.007 0.972 0.003 0.005 0.004 0.005 0.004 
477 CAGUSCR11   (25)   20 :  0.119 0.738 0.012 0.026 0.027 0.030 0.049 
478 CAGUSCR12    (0)   20 :  0.117 0.702 0.008 0.087 0.040 0.009 0.037 
479 CAGUSCR13    (0)   20 :  0.047 0.889 0.010 0.019 0.011 0.006 0.018 
480 CAGUSCR14    (0)   20 :  0.012 0.962 0.003 0.007 0.004 0.006 0.006 
481 CAGUSCR15    (0)   20 :  0.539 0.226 0.016 0.081 0.057 0.011 0.070 
482 CAGUSCR16    (0)   20 :  0.008 0.948 0.007 0.008 0.008 0.012 0.009 
483 CAGUSCR17    (8)   20 :  0.015 0.953 0.006 0.009 0.005 0.005 0.008 
484 CAGUSCR18    (0)   20 :  0.008 0.971 0.003 0.005 0.004 0.004 0.005 
485 CAGUSCR19   (25)   20 :  0.734 0.159 0.036 0.015 0.014 0.009 0.034 
486 CAGUSCR20   (25)   20 :  0.013 0.942 0.005 0.012 0.008 0.012 0.008 
487 CAGUSCR21    (0)   20 :  0.525 0.181 0.171 0.020 0.016 0.023 0.063 
488 CAGUSCR22   (16)   20 :  0.018 0.884 0.053 0.008 0.010 0.013 0.013 
489 CAGUSCR23    (0)   20 :  0.011 0.953 0.004 0.008 0.009 0.006 0.010 
490 CAGUSCR24    (8)   20 :  0.008 0.957 0.006 0.007 0.008 0.006 0.008 
491 CAGUSCR25   (16)   20 :  0.017 0.948 0.006 0.007 0.006 0.007 0.009 
492 CAGUSCR26    (8)   20 :  0.018 0.926 0.017 0.012 0.008 0.005 0.013 
493 CAGUSCR27    (8)   20 :  0.025 0.800 0.061 0.013 0.017 0.041 0.042 
494 CAGUSCR28    (0)   20 :  0.006 0.966 0.005 0.006 0.005 0.006 0.006 
495 CAGUSCR29    (8)   20 :  0.011 0.940 0.005 0.019 0.007 0.006 0.013 
496 CAGUSCR30   (16)   20 :  0.006 0.969 0.005 0.005 0.005 0.004 0.006 
497  CAGURC2    (8)   21 :  0.022 0.593 0.036 0.075 0.048 0.156 0.070 
498  CAGURC3    (8)   21 :  0.403 0.420 0.010 0.056 0.008 0.018 0.084 
499  CAGURC4    (0)   21 :  0.086 0.534 0.272 0.052 0.014 0.021 0.021 
500  CAGURC6    (0)   21 :  0.735 0.192 0.015 0.013 0.015 0.006 0.022 
501  CAGURC7    (0)   21 :  0.805 0.041 0.013 0.013 0.009 0.108 0.012 
502 CAGURC10    (0)   21 :  0.517 0.224 0.086 0.024 0.031 0.018 0.101 
503 CAGURC11    (0)   21 :  0.084 0.009 0.035 0.231 0.037 0.126 0.479 
504 CAGURC13   (25)   21 :  0.894 0.030 0.022 0.010 0.014 0.009 0.020 
505 CAGURC19    (0)   21 :  0.641 0.032 0.006 0.259 0.012 0.014 0.035 
506 CAGURC20    (8)   21 :  0.017 0.549 0.026 0.220 0.044 0.078 0.065 
