

----------------------------------------------------
STRUCTURE by Pritchard, Stephens and Donnelly (2000)
     and Falush, Stephens and Pritchard (2003)
       Code by Pritchard, Falush and Hubisz
             Version 2.3.4 (Jul 2012)
----------------------------------------------------



Command line arguments:   bin/structure -m "/Users/Calochortus/Desktop/CAGU_Struct_NoBJ/CAGU_NoBJ/100/mainparams" -e "/Users/Calochortus/Desktop/CAGU_Struct_NoBJ/CAGU_NoBJ/100/extraparams" 
Input File:    /Users/Calochortus/Desktop/CAGU_Struct_NoBJ/CAGU_NoBJ/project_data

Run parameters:
   604 individuals
   12 loci
   7 populations assumed
   100000 Burn-in period
   100000 Reps


--------------------------------------------
Proportion of membership of each pre-defined
 population in each of the 7 clusters

Given    Inferred Clusters                                   Number of
 Pop       1      2      3      4      5      6      7      Individuals

  1:     0.016  0.917  0.014  0.016  0.014  0.016  0.007       32
  2:     0.046  0.025  0.033  0.037  0.012  0.834  0.014       31
  3:     0.049  0.060  0.057  0.149  0.021  0.642  0.023       33
  4:     0.050  0.018  0.024  0.054  0.012  0.835  0.007       28
  5:     0.087  0.111  0.078  0.075  0.014  0.612  0.023       24
  6:     0.029  0.046  0.020  0.113  0.073  0.686  0.033       11
  7:     0.557  0.083  0.097  0.144  0.019  0.081  0.019       28
  8:     0.402  0.197  0.203  0.067  0.031  0.085  0.015       20
 10:     0.389  0.011  0.184  0.347  0.025  0.026  0.017       13
 11:     0.336  0.040  0.276  0.171  0.030  0.104  0.043       28
 12:     0.145  0.023  0.429  0.276  0.031  0.082  0.015       30
 13:     0.238  0.035  0.362  0.223  0.034  0.093  0.016       27
 14:     0.323  0.023  0.262  0.262  0.043  0.042  0.045       32
 15:     0.194  0.017  0.386  0.250  0.081  0.050  0.020       32
 16:     0.018  0.073  0.118  0.386  0.112  0.026  0.268        2
 17:     0.094  0.024  0.181  0.211  0.075  0.044  0.371       32
 18:     0.040  0.032  0.092  0.105  0.076  0.041  0.613       32
 19:     0.013  0.016  0.019  0.022  0.026  0.011  0.893       31
 20:     0.012  0.010  0.021  0.017  0.095  0.030  0.815       30
 21:     0.027  0.061  0.101  0.103  0.415  0.060  0.234       13
 22:     0.022  0.020  0.077  0.051  0.684  0.037  0.109       31
 23:     0.030  0.034  0.065  0.062  0.649  0.024  0.136       30
 24:     0.056  0.025  0.048  0.120  0.705  0.025  0.021       34
--------------------------------------------

Allele-freq. divergence among pops (Net nucleotide distance),
computed using point estimates of P.

      1       2       3       4       5       6       7      
 1      -    0.1612  0.0384  0.0302  0.1601  0.1085  0.2568  
 2   0.1612     -    0.1635  0.1409  0.2326  0.1557  0.3364  
 3   0.0384  0.1635     -    0.0314  0.1053  0.1325  0.1961  
 4   0.0302  0.1409  0.0314     -    0.1041  0.0898  0.1862  
 5   0.1601  0.2326  0.1053  0.1041     -    0.2359  0.1115  
 6   0.1085  0.1557  0.1325  0.0898  0.2359     -    0.3527  
 7   0.2568  0.3364  0.1961  0.1862  0.1115  0.3527     -    

Average distances (expected heterozygosity) between individuals in same cluster:
cluster  1  : 0.4717 
cluster  2  : 0.3410 
cluster  3  : 0.5525 
cluster  4  : 0.5779 
cluster  5  : 0.6322 
cluster  6  : 0.3641 
cluster  7  : 0.4300 

--------------------------------------------
Estimated Ln Prob of Data   = -14041.4
Mean value of ln likelihood = -13442.4
Variance of ln likelihood   = 1198.0
Mean value of alpha         = 0.0572

Mean value of Fst_1         = 0.1906
Mean value of Fst_2         = 0.4893
Mean value of Fst_3         = 0.1015
Mean value of Fst_4         = 0.0871
Mean value of Fst_5         = 0.1239
Mean value of Fst_6         = 0.4314
Mean value of Fst_7         = 0.3232


Inferred ancestry of individuals:
        Label (%Miss) Pop:  Inferred clusters
  1 CAGUABR1    (8)    1 :  0.008 0.948 0.007 0.008 0.006 0.016 0.007 
  2 CAGUABR2    (0)    1 :  0.048 0.727 0.088 0.088 0.018 0.021 0.011 
  3 CAGUABR3    (8)    1 :  0.010 0.958 0.006 0.007 0.005 0.009 0.006 
  4 CAGUABR4    (8)    1 :  0.008 0.960 0.007 0.008 0.005 0.008 0.005 
  5 CAGUABR5    (8)    1 :  0.012 0.923 0.010 0.016 0.007 0.023 0.009 
  6 CAGUABR6    (8)    1 :  0.018 0.927 0.014 0.013 0.007 0.014 0.006 
  7 CAGUABR7    (0)    1 :  0.006 0.970 0.005 0.005 0.003 0.008 0.003 
  8 CAGUABR8    (0)    1 :  0.016 0.932 0.015 0.014 0.009 0.007 0.008 
  9 CAGUABR9    (0)    1 :  0.006 0.956 0.010 0.007 0.005 0.008 0.008 
 10 CAGUABR10    (0)    1 :  0.021 0.902 0.020 0.015 0.007 0.029 0.006 
 11 CAGUABR11    (8)    1 :  0.011 0.944 0.010 0.008 0.006 0.017 0.005 
 12 CAGUABR12    (8)    1 :  0.050 0.745 0.021 0.077 0.032 0.058 0.017 
 13 CAGUABR13    (0)    1 :  0.011 0.946 0.007 0.008 0.004 0.020 0.005 
 14 CAGUABR14    (8)    1 :  0.015 0.897 0.013 0.018 0.009 0.034 0.013 
 15 CAGUABR15    (8)    1 :  0.007 0.962 0.005 0.007 0.005 0.008 0.006 
 16 CAGUABR16   (16)    1 :  0.013 0.765 0.011 0.015 0.178 0.012 0.008 
 17 CAGUABR17    (0)    1 :  0.015 0.896 0.028 0.015 0.005 0.032 0.008 
 18 CAGUABR18    (8)    1 :  0.009 0.928 0.008 0.009 0.005 0.036 0.006 
 19 CAGUABR19    (8)    1 :  0.012 0.949 0.007 0.016 0.004 0.008 0.004 
 20 CAGUABR20    (0)    1 :  0.006 0.966 0.005 0.006 0.005 0.007 0.005 
 21 CAGUABR21    (0)    1 :  0.032 0.907 0.010 0.012 0.006 0.028 0.006 
 22 CAGUABR22    (8)    1 :  0.007 0.958 0.008 0.007 0.006 0.009 0.005 
 23 CAGUABR23    (8)    1 :  0.007 0.934 0.008 0.010 0.012 0.014 0.015 
 24 CAGUABR24    (8)    1 :  0.026 0.857 0.052 0.023 0.014 0.014 0.015 
 25 CAGUABR25    (8)    1 :  0.006 0.969 0.005 0.005 0.004 0.008 0.004 
 26 CAGUABR26    (8)    1 :  0.006 0.966 0.006 0.007 0.005 0.006 0.004 
 27 CAGUABR27    (8)    1 :  0.056 0.871 0.023 0.012 0.020 0.014 0.005 
 28 CAGUABR28    (0)    1 :  0.006 0.968 0.005 0.005 0.003 0.009 0.003 
 29 CAGUABR29    (0)    1 :  0.007 0.962 0.007 0.006 0.005 0.009 0.005 
 30 CAGUABR30    (8)    1 :  0.032 0.894 0.014 0.040 0.005 0.009 0.005 
 31 CAGUABR31    (0)    1 :  0.006 0.967 0.006 0.006 0.005 0.006 0.004 
 32 CAGUABR32    (8)    1 :  0.014 0.895 0.018 0.023 0.035 0.007 0.009 
 33  CAGUAD1    (0)    2 :  0.034 0.055 0.026 0.035 0.022 0.806 0.022 
 34  CAGUAD2    (0)    2 :  0.280 0.028 0.054 0.079 0.009 0.541 0.008 
 35  CAGUAD3    (0)    2 :  0.093 0.024 0.104 0.072 0.009 0.690 0.010 
 36  CAGUAD4   (25)    2 :  0.014 0.067 0.009 0.008 0.006 0.892 0.004 
 37  CAGUAD5    (8)    2 :  0.015 0.044 0.027 0.023 0.008 0.879 0.004 
 38  CAGUAD6    (0)    2 :  0.035 0.010 0.012 0.012 0.005 0.920 0.005 
 39  CAGUAD7    (0)    2 :  0.008 0.008 0.006 0.007 0.004 0.964 0.004 
 40  CAGUAD8    (8)    2 :  0.012 0.012 0.006 0.007 0.005 0.953 0.004 
 41  CAGUAD9    (0)    2 :  0.013 0.012 0.013 0.012 0.008 0.934 0.009 
 42 CAGUAD10   (25)    2 :  0.037 0.018 0.015 0.025 0.006 0.893 0.006 
 43 CAGUAD11    (0)    2 :  0.015 0.008 0.012 0.011 0.006 0.943 0.005 
 44 CAGUAD12    (0)    2 :  0.039 0.160 0.020 0.029 0.008 0.734 0.009 
 45 CAGUAD13    (0)    2 :  0.011 0.080 0.012 0.014 0.009 0.868 0.007 
 46 CAGUAD14    (0)    2 :  0.018 0.013 0.009 0.012 0.005 0.939 0.005 
 47 CAGUAD15    (0)    2 :  0.013 0.007 0.009 0.011 0.006 0.950 0.005 
 48 CAGUAD16    (0)    2 :  0.007 0.007 0.005 0.006 0.004 0.968 0.004 
 49 CAGUAD17    (0)    2 :  0.035 0.005 0.018 0.025 0.008 0.902 0.007 
 50 CAGUAD18    (0)    2 :  0.038 0.020 0.243 0.062 0.022 0.600 0.016 
 51 CAGUAD19    (0)    2 :  0.082 0.031 0.122 0.087 0.014 0.658 0.006 
 52 CAGUAD20    (0)    2 :  0.097 0.025 0.022 0.022 0.006 0.824 0.005 
 53 CAGUAD21    (0)    2 :  0.019 0.015 0.046 0.021 0.035 0.830 0.034 
 54 CAGUAD22    (0)    2 :  0.009 0.009 0.009 0.011 0.011 0.941 0.010 
 55 CAGUAD23    (0)    2 :  0.012 0.011 0.008 0.015 0.007 0.939 0.008 
 56 CAGUAD24    (0)    2 :  0.008 0.007 0.009 0.034 0.014 0.854 0.073 
 57 CAGUAD25    (0)    2 :  0.031 0.010 0.025 0.354 0.017 0.556 0.006 
 58 CAGUAD26   (16)    2 :  0.013 0.008 0.009 0.014 0.006 0.945 0.005 
 59 CAGUAD27    (0)    2 :  0.027 0.007 0.066 0.021 0.043 0.751 0.085 
 60 CAGUAD28    (0)    2 :  0.057 0.029 0.011 0.022 0.019 0.856 0.006 
 61 CAGUAD29    (0)    2 :  0.235 0.006 0.026 0.056 0.017 0.615 0.046 
 62 CAGUAD30    (0)    2 :  0.098 0.020 0.026 0.029 0.013 0.805 0.008 
 63 CAGUAD32    (0)    2 :  0.034 0.006 0.028 0.021 0.011 0.893 0.005 
 64  CAGUBH1    (0)    3 :  0.046 0.018 0.019 0.170 0.013 0.715 0.019 
 65  CAGUBH2    (0)    3 :  0.012 0.007 0.007 0.011 0.005 0.953 0.005 
 66  CAGUBH3   (25)    3 :  0.044 0.019 0.025 0.084 0.012 0.805 0.012 
 67  CAGUBH4    (0)    3 :  0.009 0.039 0.007 0.009 0.007 0.920 0.009 
 68  CAGUBH5    (0)    3 :  0.034 0.010 0.010 0.055 0.006 0.879 0.006 
 69  CAGUBH6    (0)    3 :  0.009 0.013 0.007 0.007 0.004 0.955 0.005 
 70  CAGUBH7    (0)    3 :  0.023 0.017 0.018 0.039 0.023 0.863 0.018 
 71  CAGUBH8   (25)    3 :  0.022 0.008 0.024 0.141 0.021 0.765 0.020 
 72  CAGUBH9    (8)    3 :  0.027 0.011 0.010 0.045 0.006 0.894 0.007 
 73 CAGUBH10    (0)    3 :  0.023 0.019 0.018 0.038 0.023 0.863 0.018 
 74 CAGUBH11    (8)    3 :  0.011 0.012 0.018 0.054 0.016 0.860 0.029 
 75 CAGUBH12   (25)    3 :  0.016 0.013 0.010 0.028 0.012 0.908 0.013 
 76 CAGUBH13   (33)    3 :  0.048 0.178 0.083 0.039 0.017 0.625 0.010 
 77 CAGUBH14   (16)    3 :  0.027 0.012 0.824 0.041 0.011 0.068 0.017 
 78 CAGUBH15    (0)    3 :  0.045 0.005 0.009 0.028 0.005 0.902 0.006 
 79 CAGUBH16    (0)    3 :  0.124 0.016 0.016 0.019 0.006 0.814 0.005 
 80 CAGUBH18    (8)    3 :  0.033 0.218 0.014 0.209 0.028 0.427 0.071 
 81 CAGUBH19    (8)    3 :  0.080 0.008 0.013 0.191 0.011 0.660 0.038 
 82 CAGUBH20    (8)    3 :  0.108 0.016 0.024 0.675 0.013 0.151 0.012 
 83 CAGUBH21    (8)    3 :  0.017 0.327 0.010 0.025 0.007 0.587 0.027 
 84 CAGUBH22    (0)    3 :  0.079 0.259 0.206 0.111 0.040 0.297 0.007 
 85 CAGUBH23    (0)    3 :  0.069 0.008 0.035 0.048 0.011 0.824 0.006 
 86 CAGUBH25   (25)    3 :  0.027 0.012 0.023 0.122 0.072 0.672 0.073 
 87 CAGUBH26    (0)    3 :  0.063 0.046 0.106 0.456 0.026 0.241 0.062 
 88 CAGUBH27    (0)    3 :  0.015 0.011 0.009 0.030 0.007 0.916 0.012 
 89 CAGUBH28   (25)    3 :  0.091 0.012 0.042 0.749 0.008 0.022 0.077 
 90 CAGUBH29    (0)    3 :  0.079 0.007 0.019 0.327 0.216 0.323 0.029 
 91 CAGUBH30    (0)    3 :  0.180 0.016 0.041 0.097 0.009 0.646 0.010 
 92 CAGUBH31    (0)    3 :  0.009 0.010 0.010 0.013 0.008 0.943 0.007 
 93 CAGUBH32    (0)    3 :  0.035 0.049 0.015 0.222 0.011 0.656 0.012 
 94 CAGUBH34    (0)    3 :  0.058 0.007 0.069 0.181 0.021 0.630 0.034 
 95 CAGUBH36   (33)    3 :  0.045 0.582 0.109 0.112 0.010 0.125 0.017 
 96 CAGUBH37    (8)    3 :  0.103 0.013 0.015 0.526 0.024 0.263 0.055 
 97 CAGUMSR1    (0)    4 :  0.018 0.007 0.012 0.015 0.005 0.934 0.008 
 98 CAGUMSR2    (0)    4 :  0.017 0.010 0.076 0.014 0.008 0.870 0.005 
 99 CAGUMSR3    (0)    4 :  0.013 0.006 0.020 0.019 0.005 0.934 0.004 
100 CAGUMSR4    (0)    4 :  0.012 0.010 0.007 0.007 0.004 0.956 0.004 
101 CAGUMSR5    (0)    4 :  0.010 0.010 0.007 0.012 0.006 0.945 0.010 
102 CAGUMSR6    (0)    4 :  0.047 0.022 0.018 0.022 0.006 0.881 0.004 
103 CAGUMSR7    (0)    4 :  0.013 0.008 0.033 0.020 0.013 0.904 0.008 
104 CAGUMSR8    (0)    4 :  0.014 0.007 0.008 0.008 0.004 0.956 0.003 
105 CAGUMSR9    (0)    4 :  0.028 0.014 0.046 0.040 0.009 0.853 0.011 
106 CAGUMSR10    (0)    4 :  0.011 0.007 0.009 0.012 0.005 0.947 0.008 
107 CAGUMSR11    (0)    4 :  0.038 0.009 0.023 0.066 0.008 0.845 0.012 
108 CAGUMSR12    (0)    4 :  0.011 0.022 0.010 0.009 0.005 0.939 0.004 
109 CAGUMSR13    (0)    4 :  0.012 0.021 0.008 0.009 0.004 0.942 0.004 
110 CAGUMSR14    (8)    4 :  0.012 0.006 0.065 0.076 0.129 0.680 0.031 
111 CAGUMSR15    (0)    4 :  0.008 0.023 0.007 0.007 0.005 0.946 0.004 
112 CAGUMSR16    (0)    4 :  0.087 0.077 0.018 0.061 0.015 0.735 0.006 
113 CAGUMSR18    (0)    4 :  0.018 0.062 0.025 0.019 0.005 0.858 0.014 
114 CAGUMSR19    (0)    4 :  0.015 0.025 0.010 0.012 0.007 0.925 0.006 
115 CAGUMSR20    (0)    4 :  0.011 0.008 0.012 0.010 0.004 0.952 0.003 
116 CAGUMSR21    (0)    4 :  0.039 0.019 0.026 0.053 0.012 0.841 0.011 
117 CAGUMSR22    (0)    4 :  0.013 0.007 0.010 0.011 0.005 0.949 0.005 
118 CAGUMSR23    (0)    4 :  0.011 0.015 0.009 0.009 0.006 0.947 0.004 
119 CAGUMSR24    (0)    4 :  0.009 0.007 0.006 0.007 0.004 0.963 0.004 
120 CAGUMSR25    (8)    4 :  0.017 0.063 0.013 0.014 0.006 0.881 0.007 
121 CAGUMSR26    (0)    4 :  0.381 0.011 0.084 0.150 0.022 0.345 0.008 
122 CAGUMSR28    (0)    4 :  0.018 0.008 0.066 0.015 0.006 0.882 0.005 
123 CAGUMSR29   (16)    4 :  0.468 0.026 0.019 0.029 0.010 0.440 0.008 
124 CAGUMSR30    (0)    4 :  0.043 0.004 0.032 0.771 0.012 0.130 0.008 
125 CAGURAT6    (0)    5 :  0.009 0.186 0.012 0.016 0.014 0.743 0.018 
126 CAGURAT8   (16)    5 :  0.200 0.034 0.036 0.068 0.016 0.636 0.010 
127 CAGURAT10    (8)    5 :  0.028 0.013 0.009 0.015 0.005 0.924 0.005 
128 CAGURAT11    (0)    5 :  0.133 0.044 0.024 0.124 0.028 0.620 0.028 
129 CAGURAT12   (25)    5 :  0.206 0.310 0.050 0.115 0.014 0.225 0.080 
130 CAGURAT14   (25)    5 :  0.046 0.038 0.674 0.111 0.040 0.077 0.014 
131 CAGURAT15   (25)    5 :  0.022 0.061 0.024 0.028 0.009 0.816 0.039 
132 CAGURAT16   (16)    5 :  0.049 0.059 0.025 0.063 0.026 0.763 0.014 
133 CAGURAT17    (0)    5 :  0.094 0.401 0.012 0.050 0.011 0.415 0.017 
134 CAGURAT18   (41)    5 :  0.082 0.069 0.703 0.076 0.009 0.051 0.009 
135 CAGURAT19    (8)    5 :  0.022 0.010 0.013 0.025 0.017 0.889 0.024 
136 CAGURAT20   (16)    5 :  0.024 0.255 0.010 0.029 0.018 0.621 0.043 
137 CAGURAT21    (8)    5 :  0.008 0.005 0.014 0.028 0.015 0.862 0.067 
138 CAGURAT22    (8)    5 :  0.052 0.017 0.032 0.060 0.007 0.825 0.007 
139 CAGURAT23    (0)    5 :  0.034 0.021 0.016 0.021 0.006 0.896 0.005 
140 CAGURAT25    (0)    5 :  0.056 0.014 0.019 0.022 0.006 0.878 0.005 
141 CAGURAT29    (0)    5 :  0.598 0.013 0.024 0.112 0.011 0.236 0.006 
142 CAGURAT30    (0)    5 :  0.008 0.643 0.007 0.012 0.019 0.293 0.019 
143 CAGURAT31    (0)    5 :  0.134 0.006 0.015 0.068 0.008 0.762 0.006 
144 CAGURAT32    (8)    5 :  0.049 0.372 0.060 0.049 0.017 0.441 0.012 
145 CAGURAT33   (25)    5 :  0.013 0.014 0.013 0.011 0.008 0.935 0.006 
146 CAGURAT34    (0)    5 :  0.022 0.008 0.015 0.027 0.005 0.916 0.007 
147 CAGURAT35    (0)    5 :  0.146 0.008 0.013 0.338 0.010 0.391 0.094 
148 CAGURAT36    (0)    5 :  0.048 0.061 0.051 0.341 0.019 0.465 0.014 
149  CAGUWP1    (8)    6 :  0.013 0.011 0.016 0.020 0.008 0.921 0.011 
150  CAGUWP7    (8)    6 :  0.037 0.071 0.024 0.041 0.011 0.807 0.008 
151  CAGUWP9   (33)    6 :  0.011 0.011 0.007 0.010 0.009 0.937 0.015 
152 CAGUWP11   (16)    6 :  0.090 0.013 0.021 0.080 0.007 0.779 0.009 
153 CAGUWP14   (16)    6 :  0.017 0.026 0.026 0.206 0.044 0.667 0.015 
154 CAGUWP17   (16)    6 :  0.037 0.013 0.024 0.580 0.038 0.199 0.108 
155 CAGUWP18   (16)    6 :  0.043 0.025 0.020 0.059 0.009 0.815 0.029 
156 CAGUWP19    (8)    6 :  0.019 0.175 0.016 0.033 0.473 0.262 0.021 
157 CAGUWP20    (8)    6 :  0.008 0.007 0.008 0.010 0.006 0.951 0.010 
158 CAGUWP21   (16)    6 :  0.023 0.044 0.045 0.175 0.178 0.506 0.029 
159 CAGUWP22    (8)    6 :  0.016 0.112 0.011 0.032 0.026 0.700 0.104 
160  CAGUSD1   (25)    7 :  0.834 0.066 0.023 0.039 0.007 0.019 0.013 
161  CAGUSD3   (33)    7 :  0.275 0.186 0.259 0.153 0.041 0.028 0.059 
162  CAGUSD4    (0)    7 :  0.576 0.224 0.036 0.068 0.011 0.072 0.013 
163  CAGUSD5   (25)    7 :  0.873 0.011 0.031 0.052 0.009 0.017 0.008 
164  CAGUSD7    (8)    7 :  0.496 0.013 0.019 0.255 0.008 0.192 0.018 
165  CAGUSD8    (8)    7 :  0.486 0.028 0.221 0.176 0.008 0.071 0.010 
166  CAGUSD9    (8)    7 :  0.375 0.010 0.049 0.529 0.012 0.015 0.011 
167 CAGUSD11   (16)    7 :  0.146 0.162 0.028 0.354 0.037 0.260 0.013 
168 CAGUSD12   (16)    7 :  0.148 0.032 0.275 0.482 0.016 0.035 0.013 
169 CAGUSD14    (0)    7 :  0.707 0.012 0.017 0.220 0.010 0.028 0.006 
170 CAGUSD15    (8)    7 :  0.897 0.014 0.027 0.024 0.006 0.012 0.020 
171 CAGUSD16    (8)    7 :  0.262 0.509 0.098 0.052 0.008 0.044 0.028 
172 CAGUSD17   (16)    7 :  0.109 0.027 0.410 0.297 0.037 0.100 0.019 
173 CAGUSD18   (16)    7 :  0.378 0.024 0.079 0.088 0.090 0.327 0.014 
174 CAGUSD19    (0)    7 :  0.874 0.022 0.053 0.020 0.011 0.015 0.005 
175 CAGUSD20    (0)    7 :  0.781 0.053 0.013 0.036 0.022 0.013 0.082 
176 CAGUSD21    (0)    7 :  0.509 0.025 0.016 0.118 0.005 0.322 0.006 
177 CAGUSD22    (0)    7 :  0.360 0.018 0.383 0.115 0.005 0.107 0.010 
178 CAGUSD23   (16)    7 :  0.448 0.007 0.034 0.366 0.068 0.060 0.018 
179 CAGUSD25    (8)    7 :  0.186 0.551 0.026 0.093 0.018 0.049 0.077 
180 CAGUSD27    (0)    7 :  0.925 0.016 0.009 0.013 0.004 0.028 0.005 
181 CAGUSD28   (16)    7 :  0.414 0.015 0.297 0.165 0.010 0.087 0.012 
182 CAGUSD29    (8)    7 :  0.892 0.022 0.025 0.026 0.008 0.015 0.012 
183 CAGUSD30    (0)    7 :  0.659 0.143 0.022 0.097 0.013 0.040 0.026 
184 CAGUSD32    (0)    7 :  0.833 0.012 0.020 0.034 0.020 0.070 0.011 
185 CAGUSD33   (16)    7 :  0.923 0.009 0.013 0.024 0.006 0.017 0.008 
186 CAGUSD34    (8)    7 :  0.528 0.080 0.098 0.052 0.006 0.231 0.005 
187 CAGUSD35    (0)    7 :  0.710 0.029 0.132 0.077 0.030 0.007 0.015 
188 CAGURGR1   (16)    8 :  0.671 0.251 0.017 0.026 0.006 0.020 0.009 
189 CAGURGR4    (0)    8 :  0.096 0.160 0.075 0.207 0.026 0.410 0.026 
190 CAGURGR5    (0)    8 :  0.076 0.058 0.609 0.033 0.006 0.214 0.004 
191 CAGURGR6    (8)    8 :  0.170 0.332 0.327 0.123 0.013 0.021 0.014 
192 CAGURGR7    (0)    8 :  0.874 0.011 0.026 0.029 0.043 0.008 0.008 
193 CAGURGR8    (8)    8 :  0.027 0.030 0.870 0.027 0.006 0.035 0.005 
194 CAGURGR9   (16)    8 :  0.591 0.052 0.200 0.094 0.010 0.040 0.012 
195 CAGURGR10    (0)    8 :  0.899 0.006 0.014 0.015 0.052 0.008 0.007 
196 CAGURGR11    (0)    8 :  0.553 0.279 0.027 0.047 0.005 0.084 0.005 
197 CAGURGR12    (0)    8 :  0.020 0.655 0.093 0.043 0.161 0.009 0.019 
198 CAGURGR13    (0)    8 :  0.621 0.009 0.273 0.042 0.006 0.041 0.008 
199 CAGURGR14    (0)    8 :  0.524 0.306 0.020 0.109 0.014 0.014 0.013 
200 CAGURGR15   (25)    8 :  0.935 0.010 0.011 0.012 0.005 0.019 0.007 
201 CAGURGR16   (16)    8 :  0.171 0.076 0.503 0.074 0.010 0.160 0.006 
202 CAGURGR17    (8)    8 :  0.065 0.704 0.045 0.036 0.009 0.126 0.015 
203 CAGURGR19    (0)    8 :  0.829 0.017 0.095 0.025 0.015 0.007 0.012 
204 CAGURGR21    (8)    8 :  0.204 0.013 0.155 0.276 0.015 0.273 0.064 
205 CAGURGR22    (0)    8 :  0.059 0.800 0.029 0.035 0.020 0.014 0.044 
206 CAGURGR23   (16)    8 :  0.592 0.007 0.015 0.019 0.194 0.164 0.007 
207 CAGURGR24    (8)    8 :  0.052 0.156 0.657 0.075 0.011 0.038 0.010 
208  CAGUCM1    (0)   10 :  0.485 0.010 0.142 0.269 0.020 0.021 0.054 
209  CAGUCM2    (0)   10 :  0.517 0.005 0.181 0.263 0.011 0.012 0.010 
210  CAGUCM3    (0)   10 :  0.048 0.024 0.099 0.791 0.011 0.015 0.011 
211  CAGUCM4    (0)   10 :  0.009 0.004 0.938 0.017 0.020 0.005 0.007 
212  CAGUCM5   (33)   10 :  0.337 0.010 0.041 0.507 0.010 0.081 0.015 
213  CAGUCM6    (0)   10 :  0.030 0.008 0.128 0.770 0.026 0.013 0.025 
214  CAGUCM7    (0)   10 :  0.825 0.008 0.031 0.106 0.007 0.019 0.005 
215  CAGUCM8    (0)   10 :  0.558 0.013 0.032 0.250 0.055 0.079 0.013 
216  CAGUCM9    (0)   10 :  0.258 0.007 0.079 0.609 0.006 0.035 0.007 
217 CAGUCM10    (0)   10 :  0.699 0.021 0.053 0.198 0.017 0.007 0.006 
218 CAGUCM11    (0)   10 :  0.447 0.017 0.162 0.278 0.038 0.029 0.027 
219 CAGUCM12    (8)   10 :  0.432 0.010 0.319 0.146 0.042 0.012 0.037 
220 CAGUCM13    (0)   10 :  0.408 0.007 0.186 0.312 0.068 0.010 0.009 
221 CAGULPR1    (0)   11 :  0.264 0.017 0.052 0.082 0.015 0.556 0.014 
222 CAGULPR2    (0)   11 :  0.027 0.045 0.705 0.036 0.023 0.022 0.142 
223 CAGULPR3    (0)   11 :  0.940 0.005 0.015 0.024 0.006 0.006 0.004 
224 CAGULPR4    (0)   11 :  0.529 0.010 0.032 0.358 0.008 0.045 0.018 
225 CAGULPR5    (0)   11 :  0.118 0.006 0.643 0.190 0.010 0.026 0.008 
226 CAGULPR6    (0)   11 :  0.055 0.019 0.564 0.157 0.019 0.037 0.149 
227 CAGULPR7    (0)   11 :  0.080 0.006 0.476 0.353 0.026 0.013 0.047 
228 CAGULPR8    (0)   11 :  0.934 0.007 0.015 0.017 0.008 0.015 0.005 
229 CAGULPR9    (0)   11 :  0.114 0.007 0.619 0.224 0.010 0.020 0.007 
230 CAGULPR10    (0)   11 :  0.169 0.500 0.084 0.064 0.007 0.170 0.006 
231 CAGULPR11    (0)   11 :  0.436 0.115 0.183 0.129 0.008 0.125 0.005 
232 CAGULPR12    (0)   11 :  0.262 0.011 0.073 0.077 0.038 0.534 0.005 
233 CAGULPR13    (0)   11 :  0.282 0.038 0.017 0.329 0.024 0.288 0.022 
234 CAGULPR14    (0)   11 :  0.454 0.034 0.104 0.351 0.006 0.045 0.006 
235 CAGULPR15    (0)   11 :  0.019 0.008 0.919 0.018 0.008 0.021 0.007 
236 CAGULPR16    (0)   11 :  0.110 0.182 0.044 0.445 0.040 0.093 0.086 
237 CAGULPR17    (0)   11 :  0.118 0.005 0.111 0.180 0.344 0.032 0.210 
238 CAGULPR18    (0)   11 :  0.551 0.007 0.085 0.178 0.009 0.162 0.008 
239 CAGULPR19    (0)   11 :  0.554 0.007 0.163 0.205 0.016 0.043 0.012 
240 CAGULPR20    (0)   11 :  0.544 0.015 0.033 0.056 0.032 0.311 0.008 
241 CAGULPR21    (0)   11 :  0.308 0.014 0.048 0.177 0.052 0.128 0.273 
242 CAGULPR22    (0)   11 :  0.058 0.006 0.749 0.141 0.018 0.009 0.020 
243 CAGULPR23    (0)   11 :  0.518 0.021 0.047 0.339 0.018 0.016 0.043 
244 CAGULPR24    (0)   11 :  0.258 0.010 0.434 0.154 0.027 0.102 0.015 
245 CAGULPR25    (0)   11 :  0.934 0.008 0.014 0.012 0.005 0.023 0.004 
246 CAGULPR26    (0)   11 :  0.013 0.005 0.828 0.044 0.034 0.005 0.071 
247 CAGULPR28    (0)   11 :  0.630 0.006 0.037 0.274 0.007 0.040 0.004 
248 CAGULPR29    (8)   11 :  0.117 0.009 0.634 0.172 0.023 0.029 0.016 
249  CAGUPB1    (0)   12 :  0.251 0.018 0.115 0.127 0.014 0.433 0.043 
250  CAGUPB2    (0)   12 :  0.017 0.007 0.115 0.835 0.009 0.008 0.009 
251  CAGUPB3    (0)   12 :  0.024 0.057 0.875 0.021 0.007 0.011 0.006 
252  CAGUPB4    (0)   12 :  0.038 0.010 0.834 0.081 0.014 0.010 0.012 
253  CAGUPB5    (0)   12 :  0.128 0.027 0.125 0.620 0.016 0.073 0.012 
254  CAGUPB6    (0)   12 :  0.113 0.042 0.068 0.073 0.009 0.687 0.009 
255  CAGUPB7    (0)   12 :  0.074 0.027 0.791 0.065 0.010 0.024 0.010 
256  CAGUPB8    (0)   12 :  0.272 0.070 0.189 0.411 0.007 0.043 0.008 
257  CAGUPB9    (0)   12 :  0.195 0.015 0.116 0.567 0.038 0.060 0.008 
258 CAGUPB10    (0)   12 :  0.031 0.016 0.514 0.402 0.013 0.009 0.014 
259 CAGUPB11    (8)   12 :  0.028 0.010 0.805 0.128 0.009 0.012 0.007 
260 CAGUPB12    (0)   12 :  0.034 0.010 0.244 0.155 0.069 0.431 0.056 
261 CAGUPB13    (0)   12 :  0.009 0.034 0.852 0.029 0.032 0.018 0.025 
262 CAGUPB14    (0)   12 :  0.107 0.021 0.180 0.177 0.234 0.276 0.005 
263 CAGUPB15    (0)   12 :  0.165 0.008 0.718 0.078 0.012 0.012 0.007 
264 CAGUPB16    (0)   12 :  0.185 0.010 0.495 0.281 0.008 0.009 0.013 
265 CAGUPB18    (0)   12 :  0.175 0.128 0.285 0.376 0.009 0.016 0.012 
266 CAGUPB19    (0)   12 :  0.210 0.015 0.192 0.551 0.013 0.013 0.007 
267 CAGUPB20    (0)   12 :  0.118 0.021 0.099 0.695 0.010 0.042 0.015 
268 CAGUPB22    (0)   12 :  0.091 0.012 0.447 0.400 0.014 0.018 0.018 
269 CAGUPB23   (16)   12 :  0.078 0.009 0.707 0.153 0.027 0.013 0.013 
270 CAGUPB24    (0)   12 :  0.036 0.015 0.149 0.682 0.038 0.057 0.023 
271 CAGUPB25    (0)   12 :  0.025 0.008 0.800 0.119 0.015 0.009 0.025 
272 CAGUPB26    (0)   12 :  0.016 0.009 0.662 0.061 0.189 0.047 0.016 
273 CAGUPB27    (0)   12 :  0.062 0.009 0.083 0.813 0.009 0.015 0.009 
274 CAGUPB28    (8)   12 :  0.065 0.014 0.816 0.064 0.008 0.023 0.010 
275 CAGUPB29    (0)   12 :  0.871 0.028 0.019 0.048 0.008 0.021 0.005 
276 CAGUPB30    (0)   12 :  0.719 0.017 0.148 0.079 0.009 0.022 0.005 
277 CAGUPB31    (0)   12 :  0.082 0.013 0.655 0.128 0.062 0.026 0.034 
278 CAGUPB32    (0)   12 :  0.119 0.019 0.757 0.068 0.012 0.015 0.010 
279  CAGUMB1    (0)   13 :  0.117 0.036 0.129 0.481 0.034 0.134 0.068 
280  CAGUMB2    (0)   13 :  0.245 0.055 0.083 0.285 0.033 0.264 0.035 
281  CAGUMB3    (0)   13 :  0.443 0.018 0.377 0.068 0.041 0.020 0.033 
282  CAGUMB4    (0)   13 :  0.175 0.009 0.678 0.091 0.025 0.011 0.011 
283  CAGUMB6    (0)   13 :  0.179 0.041 0.200 0.509 0.006 0.051 0.015 
284  CAGUMB8    (0)   13 :  0.319 0.330 0.099 0.222 0.008 0.014 0.008 
285  CAGUMB9    (0)   13 :  0.045 0.017 0.293 0.605 0.007 0.025 0.008 
286 CAGUMB10    (0)   13 :  0.072 0.010 0.282 0.375 0.057 0.193 0.011 
287 CAGUMB11    (0)   13 :  0.090 0.023 0.177 0.311 0.016 0.373 0.010 
288 CAGUMB12    (0)   13 :  0.130 0.076 0.339 0.149 0.007 0.281 0.018 
289 CAGUMB14    (0)   13 :  0.014 0.009 0.854 0.029 0.073 0.011 0.010 
290 CAGUMB15    (0)   13 :  0.579 0.009 0.065 0.288 0.009 0.033 0.017 
291 CAGUMB16    (0)   13 :  0.530 0.032 0.177 0.192 0.045 0.013 0.010 
292 CAGUMB17    (0)   13 :  0.234 0.038 0.214 0.425 0.026 0.024 0.040 
293 CAGUMB18    (0)   13 :  0.095 0.009 0.821 0.040 0.009 0.016 0.010 
294 CAGUMB19    (0)   13 :  0.839 0.010 0.078 0.033 0.015 0.018 0.007 
295 CAGUMB20    (0)   13 :  0.020 0.009 0.811 0.107 0.029 0.018 0.006 
296 CAGUMB21    (0)   13 :  0.753 0.007 0.061 0.076 0.010 0.087 0.005 
297 CAGUMB22    (0)   13 :  0.036 0.008 0.918 0.014 0.010 0.011 0.004 
298 CAGUMB24    (0)   13 :  0.021 0.009 0.472 0.043 0.161 0.290 0.004 
299 CAGUMB25    (0)   13 :  0.019 0.013 0.121 0.527 0.173 0.121 0.027 
300 CAGUMB26    (0)   13 :  0.342 0.016 0.093 0.288 0.007 0.238 0.017 
301 CAGUMB27    (8)   13 :  0.240 0.010 0.197 0.405 0.009 0.116 0.022 
302 CAGUMB28    (0)   13 :  0.767 0.010 0.022 0.110 0.006 0.080 0.005 
303 CAGUMB29    (0)   13 :  0.031 0.105 0.655 0.136 0.012 0.052 0.008 
304 CAGUMB30    (0)   13 :  0.013 0.007 0.711 0.165 0.067 0.015 0.021 
305 CAGUMB31    (0)   13 :  0.067 0.020 0.849 0.036 0.012 0.010 0.006 
306  CAGUFP1    (8)   14 :  0.461 0.005 0.078 0.246 0.033 0.008 0.169 
307  CAGUFP2    (8)   14 :  0.467 0.007 0.095 0.379 0.021 0.020 0.010 
308  CAGUFP3   (25)   14 :  0.582 0.009 0.032 0.308 0.012 0.047 0.010 
309  CAGUFP4    (8)   14 :  0.414 0.018 0.060 0.349 0.057 0.022 0.080 
310  CAGUFP5    (8)   14 :  0.866 0.010 0.025 0.065 0.010 0.013 0.012 
311  CAGUFP6    (0)   14 :  0.423 0.012 0.051 0.465 0.018 0.016 0.014 
312  CAGUFP7    (0)   14 :  0.214 0.066 0.107 0.412 0.080 0.093 0.028 
313  CAGUFP8   (16)   14 :  0.010 0.009 0.575 0.032 0.017 0.010 0.346 
314  CAGUFP9   (16)   14 :  0.012 0.008 0.786 0.037 0.026 0.013 0.118 
315 CAGUFP10    (0)   14 :  0.027 0.014 0.681 0.140 0.066 0.017 0.056 
316 CAGUFP11    (0)   14 :  0.053 0.024 0.745 0.097 0.010 0.024 0.047 
317 CAGUFP12    (0)   14 :  0.068 0.023 0.398 0.386 0.051 0.050 0.024 
318 CAGUFP14    (0)   14 :  0.402 0.010 0.214 0.232 0.019 0.023 0.101 
319 CAGUFP15    (0)   14 :  0.210 0.013 0.054 0.681 0.010 0.026 0.005 
320 CAGUFP16    (0)   14 :  0.152 0.024 0.039 0.278 0.423 0.032 0.052 
321 CAGUFP17    (0)   14 :  0.056 0.046 0.742 0.074 0.008 0.045 0.029 
322 CAGUFP18    (0)   14 :  0.021 0.010 0.046 0.819 0.012 0.044 0.048 
323 CAGUFP19    (0)   14 :  0.034 0.016 0.031 0.797 0.011 0.065 0.045 
324 CAGUFP20   (25)   14 :  0.642 0.014 0.142 0.164 0.008 0.023 0.007 
325 CAGUFP21    (0)   14 :  0.110 0.010 0.791 0.057 0.013 0.013 0.005 
326 CAGUFP22    (8)   14 :  0.041 0.012 0.023 0.754 0.015 0.115 0.039 
327 CAGUFP23    (0)   14 :  0.143 0.019 0.186 0.521 0.014 0.110 0.007 
328 CAGUFP24    (0)   14 :  0.058 0.030 0.727 0.114 0.009 0.049 0.013 
329 CAGUFP25    (0)   14 :  0.598 0.009 0.125 0.113 0.024 0.122 0.009 
330 CAGUFP27    (0)   14 :  0.037 0.006 0.856 0.038 0.022 0.009 0.033 
331 CAGUFP28   (16)   14 :  0.542 0.113 0.133 0.117 0.009 0.080 0.006 
332 CAGUFP29    (0)   14 :  0.686 0.018 0.037 0.146 0.060 0.040 0.012 
333 CAGUFP30    (0)   14 :  0.919 0.010 0.023 0.019 0.008 0.017 0.005 
334 CAGUFP31    (0)   14 :  0.504 0.008 0.227 0.077 0.102 0.008 0.075 
335 CAGUFP32    (8)   14 :  0.856 0.011 0.027 0.055 0.017 0.011 0.023 
336 CAGUFP33    (8)   14 :  0.275 0.142 0.136 0.254 0.159 0.027 0.007 
337 CAGUFP34    (0)   14 :  0.453 0.010 0.193 0.157 0.028 0.149 0.008 
338 CAGUDIX1    (0)   15 :  0.362 0.024 0.221 0.217 0.127 0.014 0.035 
339 CAGUDIX2    (0)   15 :  0.241 0.009 0.451 0.237 0.039 0.009 0.014 
340 CAGUDIX3    (0)   15 :  0.035 0.013 0.540 0.250 0.067 0.015 0.079 
341 CAGUDIX4    (0)   15 :  0.057 0.022 0.070 0.675 0.115 0.010 0.051 
342 CAGUDIX5    (0)   15 :  0.037 0.009 0.712 0.035 0.187 0.012 0.008 
343 CAGUDIX6    (0)   15 :  0.014 0.009 0.878 0.054 0.020 0.010 0.014 
344 CAGUDIX7    (0)   15 :  0.120 0.014 0.506 0.310 0.009 0.032 0.010 
345 CAGUDIX8    (0)   15 :  0.013 0.005 0.382 0.520 0.053 0.012 0.014 
346 CAGUDIX9    (0)   15 :  0.250 0.015 0.108 0.587 0.008 0.020 0.012 
347 CAGUDIX10    (0)   15 :  0.421 0.049 0.124 0.375 0.009 0.016 0.005 
348 CAGUDIX11    (8)   15 :  0.165 0.011 0.078 0.694 0.015 0.013 0.025 
349 CAGUDIX12    (0)   15 :  0.821 0.013 0.052 0.053 0.030 0.018 0.012 
350 CAGUDIX13    (0)   15 :  0.531 0.110 0.042 0.191 0.083 0.022 0.022 
351 CAGUDIX14    (8)   15 :  0.455 0.006 0.043 0.044 0.428 0.017 0.008 
352 CAGUDIX15   (25)   15 :  0.238 0.008 0.538 0.160 0.010 0.035 0.010 
353 CAGUDIX16    (0)   15 :  0.563 0.015 0.087 0.229 0.029 0.069 0.008 
354 CAGUDIX17    (0)   15 :  0.029 0.006 0.902 0.029 0.014 0.009 0.012 
355 CAGUDIX18    (0)   15 :  0.128 0.014 0.616 0.147 0.041 0.021 0.034 
356 CAGUDIX19    (0)   15 :  0.046 0.014 0.583 0.030 0.007 0.314 0.006 
357 CAGUDIX20    (0)   15 :  0.239 0.006 0.396 0.177 0.150 0.015 0.017 
358 CAGUDIX21   (16)   15 :  0.114 0.010 0.477 0.360 0.016 0.013 0.010 
359 CAGUDIX22    (0)   15 :  0.222 0.006 0.260 0.426 0.018 0.027 0.041 
360 CAGUDIX23    (0)   15 :  0.576 0.009 0.115 0.108 0.165 0.011 0.016 
361 CAGUDIX24    (0)   15 :  0.184 0.023 0.570 0.185 0.009 0.023 0.005 
362 CAGUDIX25    (0)   15 :  0.052 0.012 0.132 0.348 0.398 0.043 0.015 
363 CAGUDIX26    (0)   15 :  0.023 0.056 0.730 0.107 0.029 0.009 0.045 
364 CAGUDIX27    (0)   15 :  0.076 0.011 0.105 0.500 0.269 0.011 0.028 
365 CAGUDIX28    (0)   15 :  0.042 0.008 0.192 0.678 0.015 0.057 0.008 
366 CAGUDIX29    (0)   15 :  0.059 0.011 0.839 0.052 0.018 0.012 0.008 
367 CAGUDIX30    (8)   15 :  0.039 0.016 0.255 0.133 0.023 0.524 0.011 
368 CAGUDIX31    (8)   15 :  0.040 0.013 0.527 0.062 0.157 0.194 0.007 
369 CAGUDIX32    (0)   15 :  0.026 0.006 0.833 0.033 0.048 0.008 0.045 
370 CAGUCR1151    (0)   16 :  0.025 0.125 0.205 0.262 0.092 0.041 0.251 
371 CAGUCR1152   (16)   16 :  0.011 0.022 0.031 0.510 0.131 0.011 0.284 
372  CAGUSL1    (8)   17 :  0.065 0.052 0.028 0.076 0.015 0.044 0.720 
373  CAGUSL2    (0)   17 :  0.061 0.011 0.271 0.531 0.026 0.011 0.089 
374  CAGUSL3    (0)   17 :  0.030 0.036 0.043 0.247 0.020 0.162 0.462 
375  CAGUSL4    (0)   17 :  0.045 0.008 0.048 0.037 0.160 0.010 0.692 
376  CAGUSL5    (0)   17 :  0.151 0.006 0.103 0.084 0.065 0.029 0.563 
377  CAGUSL6    (0)   17 :  0.063 0.023 0.284 0.087 0.035 0.060 0.450 
378  CAGUSL7    (0)   17 :  0.133 0.037 0.044 0.547 0.061 0.072 0.106 
379  CAGUSL8    (0)   17 :  0.038 0.046 0.062 0.353 0.158 0.030 0.313 
380  CAGUSL9   (25)   17 :  0.064 0.013 0.811 0.051 0.016 0.017 0.029 
381 CAGUSL10    (8)   17 :  0.215 0.011 0.028 0.174 0.021 0.057 0.494 
382 CAGUSL11   (16)   17 :  0.049 0.009 0.046 0.125 0.147 0.017 0.607 
383 CAGUSL12    (0)   17 :  0.199 0.023 0.054 0.190 0.020 0.053 0.462 
384 CAGUSL13    (0)   17 :  0.064 0.016 0.049 0.097 0.016 0.103 0.655 
385 CAGUSL14    (0)   17 :  0.076 0.008 0.073 0.722 0.025 0.034 0.062 
386 CAGUSL15    (8)   17 :  0.071 0.038 0.062 0.330 0.040 0.031 0.430 
387 CAGUSL16    (0)   17 :  0.265 0.039 0.066 0.469 0.024 0.019 0.118 
388 CAGUSL17    (8)   17 :  0.012 0.009 0.013 0.013 0.935 0.005 0.014 
389 CAGUSL18    (0)   17 :  0.068 0.067 0.061 0.068 0.023 0.133 0.579 
390 CAGUSL19    (0)   17 :  0.149 0.098 0.328 0.202 0.106 0.035 0.081 
391 CAGUSL20    (8)   17 :  0.063 0.018 0.043 0.056 0.049 0.022 0.748 
392 CAGUSL21    (0)   17 :  0.141 0.022 0.053 0.099 0.035 0.038 0.611 
393 CAGUSL22    (0)   17 :  0.256 0.034 0.117 0.143 0.028 0.035 0.387 
394 CAGUSL23    (8)   17 :  0.029 0.013 0.219 0.050 0.026 0.013 0.649 
395 CAGUSL24    (0)   17 :  0.107 0.007 0.038 0.632 0.044 0.119 0.054 
396 CAGUSL25    (8)   17 :  0.241 0.039 0.091 0.467 0.072 0.062 0.027 
397 CAGUSL26    (8)   17 :  0.056 0.009 0.528 0.334 0.025 0.016 0.031 
398 CAGUSL27    (0)   17 :  0.021 0.011 0.019 0.019 0.009 0.021 0.900 
399 CAGUSL28    (0)   17 :  0.089 0.011 0.190 0.105 0.090 0.098 0.417 
400 CAGUSL29    (0)   17 :  0.094 0.010 0.713 0.128 0.031 0.013 0.010 
401 CAGUSL30    (0)   17 :  0.060 0.021 0.170 0.133 0.028 0.013 0.573 
402 CAGUSL31    (0)   17 :  0.031 0.009 0.307 0.113 0.016 0.023 0.500 
403 CAGUSL32    (8)   17 :  0.013 0.008 0.844 0.058 0.042 0.006 0.029 
404  CAGUSR1    (0)   18 :  0.029 0.114 0.031 0.040 0.012 0.046 0.729 
405  CAGUSR2    (8)   18 :  0.038 0.032 0.026 0.041 0.030 0.111 0.722 
406  CAGUSR3    (8)   18 :  0.009 0.007 0.009 0.011 0.020 0.010 0.933 
407  CAGUSR4    (8)   18 :  0.065 0.038 0.060 0.063 0.039 0.022 0.713 
408  CAGUSR5    (0)   18 :  0.051 0.020 0.055 0.034 0.012 0.010 0.817 
409  CAGUSR6    (0)   18 :  0.229 0.018 0.339 0.231 0.063 0.044 0.075 
410  CAGUSR7    (0)   18 :  0.011 0.025 0.089 0.021 0.036 0.111 0.707 
411  CAGUSR8    (8)   18 :  0.055 0.006 0.103 0.058 0.083 0.006 0.689 
412  CAGUSR9    (8)   18 :  0.007 0.004 0.005 0.006 0.006 0.010 0.962 
413 CAGUSR10    (8)   18 :  0.008 0.020 0.011 0.013 0.017 0.009 0.923 
414 CAGUSR11    (0)   18 :  0.013 0.011 0.181 0.115 0.037 0.045 0.597 
415 CAGUSR12    (8)   18 :  0.012 0.060 0.034 0.096 0.024 0.005 0.769 
416 CAGUSR13   (16)   18 :  0.017 0.012 0.051 0.029 0.047 0.033 0.812 
417 CAGUSR14    (0)   18 :  0.088 0.038 0.071 0.047 0.058 0.047 0.651 
418 CAGUSR15    (8)   18 :  0.036 0.026 0.120 0.134 0.213 0.019 0.450 
419 CAGUSR16    (8)   18 :  0.095 0.086 0.145 0.266 0.176 0.027 0.204 
420 CAGUSR17    (0)   18 :  0.043 0.011 0.019 0.026 0.015 0.031 0.856 
421 CAGUSR18    (0)   18 :  0.057 0.118 0.157 0.160 0.141 0.016 0.351 
422 CAGUSR19    (8)   18 :  0.015 0.006 0.102 0.053 0.098 0.062 0.664 
423 CAGUSR20    (0)   18 :  0.014 0.038 0.162 0.023 0.015 0.057 0.689 
424 CAGUSR21    (0)   18 :  0.025 0.045 0.031 0.025 0.031 0.186 0.658 
425 CAGUSR22    (0)   18 :  0.018 0.071 0.019 0.014 0.013 0.011 0.855 
426 CAGUSR23    (0)   18 :  0.061 0.037 0.331 0.407 0.090 0.030 0.045 
427 CAGUSR24    (0)   18 :  0.084 0.036 0.401 0.220 0.038 0.115 0.106 
428 CAGUSR25    (8)   18 :  0.083 0.026 0.034 0.386 0.023 0.022 0.427 
429 CAGUSR26    (0)   18 :  0.011 0.006 0.021 0.254 0.291 0.051 0.367 
430 CAGUSR27    (0)   18 :  0.030 0.006 0.021 0.175 0.015 0.056 0.698 
431 CAGUSR28    (0)   18 :  0.016 0.014 0.013 0.013 0.009 0.011 0.924 
432 CAGUSR29    (0)   18 :  0.009 0.015 0.159 0.306 0.052 0.006 0.453 
433 CAGUSR30    (8)   18 :  0.015 0.050 0.112 0.040 0.642 0.007 0.134 
434 CAGUSR31    (0)   18 :  0.032 0.012 0.034 0.041 0.078 0.102 0.701 
435 CAGUSR32    (0)   18 :  0.007 0.009 0.009 0.013 0.015 0.005 0.941 
436 CAGUDCR1    (0)   19 :  0.010 0.012 0.008 0.011 0.009 0.006 0.944 
437 CAGUDCR2    (8)   19 :  0.042 0.020 0.126 0.108 0.125 0.018 0.561 
438 CAGUDCR3    (0)   19 :  0.032 0.027 0.022 0.025 0.022 0.016 0.856 
439 CAGUDCR4    (0)   19 :  0.006 0.004 0.006 0.006 0.005 0.005 0.968 
440 CAGUDCR5    (8)   19 :  0.012 0.010 0.011 0.010 0.007 0.009 0.942 
441 CAGUDCR6    (0)   19 :  0.005 0.004 0.008 0.007 0.010 0.004 0.962 
442 CAGUDCR7    (0)   19 :  0.007 0.005 0.006 0.008 0.020 0.005 0.950 
443 CAGUDCR8    (0)   19 :  0.025 0.019 0.025 0.036 0.044 0.075 0.776 
444 CAGUDCR9   (16)   19 :  0.005 0.004 0.005 0.006 0.008 0.004 0.966 
445 CAGUDCR10    (0)   19 :  0.006 0.175 0.005 0.006 0.005 0.005 0.798 
446 CAGUDCR11    (0)   19 :  0.025 0.019 0.026 0.019 0.013 0.010 0.889 
447 CAGUDCR12    (0)   19 :  0.008 0.005 0.013 0.013 0.103 0.007 0.850 
448 CAGUDCR13    (0)   19 :  0.014 0.011 0.011 0.013 0.048 0.021 0.882 
449 CAGUDCR15    (0)   19 :  0.007 0.005 0.005 0.007 0.007 0.007 0.962 
450 CAGUDCR16    (0)   19 :  0.011 0.035 0.010 0.011 0.166 0.010 0.757 
451 CAGUDCR17    (0)   19 :  0.005 0.006 0.018 0.007 0.007 0.004 0.953 
452 CAGUDCR18    (0)   19 :  0.013 0.006 0.033 0.023 0.033 0.007 0.885 
453 CAGUDCR19    (0)   19 :  0.038 0.013 0.111 0.078 0.010 0.033 0.718 
454 CAGUDCR20    (0)   19 :  0.006 0.007 0.011 0.007 0.010 0.004 0.954 
455 CAGUDCR21    (8)   19 :  0.023 0.021 0.015 0.014 0.046 0.009 0.872 
456 CAGUDCR22   (16)   19 :  0.017 0.007 0.027 0.021 0.010 0.013 0.905 
457 CAGUDCR23    (8)   19 :  0.008 0.004 0.007 0.010 0.012 0.008 0.950 
458 CAGUDCR24    (0)   19 :  0.006 0.005 0.006 0.005 0.006 0.004 0.967 
459 CAGUDCR25    (0)   19 :  0.005 0.004 0.005 0.006 0.008 0.008 0.965 
460 CAGUDCR26    (8)   19 :  0.020 0.033 0.013 0.014 0.007 0.013 0.900 
461 CAGUDCR27    (8)   19 :  0.024 0.012 0.024 0.184 0.012 0.007 0.737 
462 CAGUDCR28    (8)   19 :  0.007 0.005 0.007 0.007 0.007 0.005 0.962 
463 CAGUDCR29    (0)   19 :  0.007 0.007 0.006 0.008 0.005 0.007 0.959 
464 CAGUDCR30    (0)   19 :  0.005 0.004 0.005 0.006 0.016 0.004 0.960 
465 CAGUDCR31    (0)   19 :  0.004 0.004 0.004 0.004 0.005 0.004 0.975 
466 CAGUDCR32   (16)   19 :  0.005 0.004 0.006 0.007 0.011 0.004 0.964 
467 CAGUSCR1    (8)   20 :  0.014 0.004 0.040 0.022 0.037 0.006 0.877 
468 CAGUSCR2    (8)   20 :  0.016 0.014 0.009 0.011 0.116 0.014 0.820 
469 CAGUSCR3    (0)   20 :  0.006 0.005 0.005 0.006 0.006 0.004 0.967 
470 CAGUSCR4    (8)   20 :  0.013 0.006 0.114 0.021 0.014 0.008 0.823 
471 CAGUSCR5    (0)   20 :  0.011 0.006 0.014 0.030 0.079 0.319 0.541 
472 CAGUSCR6    (0)   20 :  0.008 0.005 0.008 0.010 0.010 0.020 0.940 
473 CAGUSCR7    (8)   20 :  0.008 0.013 0.012 0.013 0.047 0.020 0.887 
474 CAGUSCR8   (25)   20 :  0.011 0.013 0.012 0.023 0.241 0.009 0.691 
475 CAGUSCR9    (8)   20 :  0.004 0.004 0.004 0.005 0.008 0.008 0.966 
476 CAGUSCR10    (8)   20 :  0.004 0.005 0.005 0.005 0.007 0.003 0.971 
477 CAGUSCR11   (25)   20 :  0.028 0.030 0.026 0.049 0.129 0.012 0.726 
478 CAGUSCR12    (0)   20 :  0.039 0.009 0.093 0.043 0.119 0.008 0.689 
479 CAGUSCR13    (0)   20 :  0.012 0.006 0.020 0.020 0.049 0.010 0.883 
480 CAGUSCR14    (0)   20 :  0.004 0.006 0.007 0.006 0.012 0.003 0.962 
481 CAGUSCR15    (0)   20 :  0.054 0.011 0.088 0.071 0.527 0.016 0.234 
482 CAGUSCR16    (0)   20 :  0.008 0.012 0.008 0.010 0.008 0.008 0.947 
483 CAGUSCR17    (8)   20 :  0.006 0.005 0.008 0.008 0.015 0.006 0.952 
484 CAGUSCR18    (0)   20 :  0.004 0.004 0.005 0.005 0.007 0.004 0.971 
485 CAGUSCR19   (25)   20 :  0.013 0.009 0.015 0.026 0.749 0.039 0.150 
486 CAGUSCR20   (25)   20 :  0.008 0.012 0.013 0.010 0.014 0.005 0.937 
487 CAGUSCR21    (0)   20 :  0.015 0.027 0.023 0.023 0.527 0.199 0.185 
488 CAGUSCR22   (16)   20 :  0.010 0.013 0.009 0.011 0.018 0.058 0.881 
489 CAGUSCR23    (0)   20 :  0.009 0.006 0.008 0.010 0.011 0.005 0.951 
490 CAGUSCR24    (8)   20 :  0.007 0.006 0.008 0.008 0.009 0.007 0.956 
491 CAGUSCR25   (16)   20 :  0.006 0.008 0.008 0.009 0.017 0.006 0.946 
492 CAGUSCR26    (8)   20 :  0.009 0.005 0.013 0.011 0.018 0.018 0.926 
493 CAGUSCR27    (8)   20 :  0.018 0.043 0.013 0.029 0.023 0.068 0.807 
494 CAGUSCR28    (0)   20 :  0.005 0.006 0.006 0.006 0.007 0.005 0.964 
495 CAGUSCR29    (8)   20 :  0.007 0.006 0.021 0.014 0.011 0.005 0.936 
496 CAGUSCR30   (16)   20 :  0.005 0.004 0.006 0.006 0.007 0.005 0.968 
497  CAGURC2    (8)   21 :  0.045 0.160 0.084 0.068 0.020 0.035 0.589 
498  CAGURC3    (8)   21 :  0.008 0.018 0.046 0.096 0.410 0.010 0.412 
499  CAGURC4    (0)   21 :  0.013 0.022 0.060 0.017 0.095 0.268 0.524 
500  CAGURC6    (0)   21 :  0.015 0.006 0.014 0.022 0.735 0.015 0.193 
501  CAGURC7    (0)   21 :  0.009 0.105 0.014 0.013 0.805 0.012 0.041 
502 CAGURC10    (0)   21 :  0.033 0.018 0.024 0.102 0.489 0.095 0.238 
503 CAGURC11    (0)   21 :  0.034 0.117 0.191 0.545 0.071 0.033 0.009 
504 CAGURC13   (25)   21 :  0.015 0.009 0.012 0.016 0.895 0.023 0.032 
505 CAGURC19    (0)   21 :  0.014 0.012 0.284 0.052 0.594 0.006 0.038 
506 CAGURC20    (8)   21 :  0.051 0.078 0.217 0.067 0.015 0.022 0.550 
