

----------------------------------------------------
STRUCTURE by Pritchard, Stephens and Donnelly (2000)
     and Falush, Stephens and Pritchard (2003)
       Code by Pritchard, Falush and Hubisz
             Version 2.3.4 (Jul 2012)
----------------------------------------------------



Command line arguments:   bin/structure -m "/Users/Calochortus/Desktop/CAGU_Struct_NoBJ/CAGU_NoBJ/100/mainparams" -e "/Users/Calochortus/Desktop/CAGU_Struct_NoBJ/CAGU_NoBJ/100/extraparams" 
Input File:    /Users/Calochortus/Desktop/CAGU_Struct_NoBJ/CAGU_NoBJ/project_data

Run parameters:
   604 individuals
   12 loci
   7 populations assumed
   100000 Burn-in period
   100000 Reps


--------------------------------------------
Proportion of membership of each pre-defined
 population in each of the 7 clusters

Given    Inferred Clusters                                   Number of
 Pop       1      2      3      4      5      6      7      Individuals

  1:     0.014  0.016  0.007  0.016  0.916  0.014  0.017       32
  2:     0.032  0.050  0.014  0.830  0.025  0.012  0.037       31
  3:     0.057  0.050  0.023  0.638  0.061  0.022  0.149       33
  4:     0.024  0.052  0.007  0.833  0.018  0.011  0.054       28
  5:     0.077  0.091  0.022  0.609  0.110  0.014  0.078       24
  6:     0.020  0.030  0.033  0.689  0.047  0.075  0.108       11
  7:     0.089  0.560  0.019  0.078  0.081  0.019  0.153       28
  8:     0.192  0.415  0.015  0.085  0.195  0.030  0.067       20
 10:     0.175  0.349  0.017  0.025  0.011  0.026  0.398       13
 11:     0.271  0.318  0.043  0.103  0.040  0.030  0.194       28
 12:     0.399  0.148  0.015  0.081  0.024  0.031  0.301       30
 13:     0.353  0.238  0.016  0.092  0.035  0.034  0.233       27
 14:     0.258  0.301  0.044  0.040  0.023  0.044  0.290       32
 15:     0.395  0.182  0.020  0.051  0.018  0.083  0.253       32
 16:     0.138  0.020  0.292  0.027  0.080  0.137  0.306        2
 17:     0.186  0.095  0.374  0.043  0.024  0.077  0.202       32
 18:     0.098  0.041  0.618  0.042  0.032  0.077  0.093       32
 19:     0.020  0.013  0.894  0.011  0.016  0.026  0.021       31
 20:     0.021  0.012  0.814  0.030  0.010  0.097  0.016       30
 21:     0.121  0.027  0.232  0.059  0.060  0.415  0.086       13
 22:     0.077  0.023  0.109  0.038  0.020  0.685  0.048       31
 23:     0.068  0.030  0.138  0.026  0.036  0.656  0.046       30
 24:     0.052  0.053  0.021  0.026  0.027  0.721  0.101       34
--------------------------------------------

Allele-freq. divergence among pops (Net nucleotide distance),
computed using point estimates of P.

      1       2       3       4       5       6       7      
 1      -    0.0392  0.1925  0.1348  0.1637  0.1013  0.0325  
 2   0.0392     -    0.2590  0.1079  0.1584  0.1599  0.0283  
 3   0.1925  0.2590     -    0.3534  0.3364  0.1114  0.1948  
 4   0.1348  0.1079  0.3534     -    0.1565  0.2356  0.0892  
 5   0.1637  0.1584  0.3364  0.1565     -    0.2313  0.1461  
 6   0.1013  0.1599  0.1114  0.2356  0.2313     -    0.1105  
 7   0.0325  0.0283  0.1948  0.0892  0.1461  0.1105     -    

Average distances (expected heterozygosity) between individuals in same cluster:
cluster  1  : 0.5584 
cluster  2  : 0.4689 
cluster  3  : 0.4301 
cluster  4  : 0.3639 
cluster  5  : 0.3412 
cluster  6  : 0.6326 
cluster  7  : 0.5665 

--------------------------------------------
Estimated Ln Prob of Data   = -14040.6
Mean value of ln likelihood = -13441.7
Variance of ln likelihood   = 1197.8
Mean value of alpha         = 0.0576

Mean value of Fst_1         = 0.0957
Mean value of Fst_2         = 0.1998
Mean value of Fst_3         = 0.3227
Mean value of Fst_4         = 0.4323
Mean value of Fst_5         = 0.4915
Mean value of Fst_6         = 0.1219
Mean value of Fst_7         = 0.0942


Inferred ancestry of individuals:
        Label (%Miss) Pop:  Inferred clusters
  1 CAGUABR1    (8)    1 :  0.007 0.009 0.007 0.016 0.946 0.006 0.008 
  2 CAGUABR2    (0)    1 :  0.082 0.051 0.011 0.018 0.720 0.018 0.100 
  3 CAGUABR3    (8)    1 :  0.006 0.009 0.006 0.009 0.958 0.005 0.007 
  4 CAGUABR4    (8)    1 :  0.007 0.008 0.004 0.009 0.959 0.005 0.008 
  5 CAGUABR5    (8)    1 :  0.011 0.014 0.009 0.022 0.919 0.007 0.018 
  6 CAGUABR6    (8)    1 :  0.015 0.019 0.006 0.015 0.925 0.007 0.014 
  7 CAGUABR7    (0)    1 :  0.005 0.006 0.003 0.009 0.969 0.003 0.005 
  8 CAGUABR8    (0)    1 :  0.015 0.016 0.008 0.007 0.930 0.010 0.014 
  9 CAGUABR9    (0)    1 :  0.010 0.007 0.009 0.008 0.955 0.005 0.006 
 10 CAGUABR10    (0)    1 :  0.019 0.022 0.006 0.028 0.901 0.007 0.017 
 11 CAGUABR11    (8)    1 :  0.009 0.011 0.005 0.017 0.944 0.005 0.008 
 12 CAGUABR12    (8)    1 :  0.025 0.057 0.018 0.064 0.735 0.033 0.068 
 13 CAGUABR13    (0)    1 :  0.007 0.012 0.005 0.021 0.945 0.004 0.008 
 14 CAGUABR14    (8)    1 :  0.014 0.016 0.013 0.035 0.894 0.009 0.018 
 15 CAGUABR15    (8)    1 :  0.006 0.008 0.006 0.007 0.961 0.005 0.006 
 16 CAGUABR16   (16)    1 :  0.011 0.013 0.007 0.011 0.765 0.180 0.013 
 17 CAGUABR17    (0)    1 :  0.032 0.013 0.007 0.033 0.894 0.005 0.015 
 18 CAGUABR18    (8)    1 :  0.008 0.009 0.006 0.037 0.926 0.005 0.009 
 19 CAGUABR19    (8)    1 :  0.008 0.014 0.004 0.008 0.948 0.004 0.015 
 20 CAGUABR20    (0)    1 :  0.005 0.006 0.005 0.007 0.965 0.005 0.006 
 21 CAGUABR21    (0)    1 :  0.010 0.034 0.006 0.029 0.905 0.006 0.011 
 22 CAGUABR22    (8)    1 :  0.007 0.008 0.005 0.010 0.956 0.006 0.007 
 23 CAGUABR23    (8)    1 :  0.009 0.007 0.015 0.013 0.934 0.012 0.009 
 24 CAGUABR24    (8)    1 :  0.045 0.025 0.014 0.015 0.859 0.012 0.031 
 25 CAGUABR25    (8)    1 :  0.005 0.005 0.004 0.008 0.969 0.004 0.005 
 26 CAGUABR26    (8)    1 :  0.006 0.006 0.004 0.006 0.966 0.005 0.006 
 27 CAGUABR27    (8)    1 :  0.021 0.055 0.005 0.014 0.872 0.020 0.012 
 28 CAGUABR28    (0)    1 :  0.005 0.006 0.003 0.009 0.968 0.003 0.005 
 29 CAGUABR29    (0)    1 :  0.007 0.007 0.005 0.009 0.961 0.005 0.006 
 30 CAGUABR30    (8)    1 :  0.017 0.026 0.005 0.010 0.894 0.005 0.043 
 31 CAGUABR31    (0)    1 :  0.006 0.006 0.004 0.007 0.966 0.005 0.006 
 32 CAGUABR32    (8)    1 :  0.018 0.014 0.009 0.007 0.892 0.035 0.024 
 33  CAGUAD1    (0)    2 :  0.026 0.034 0.022 0.799 0.062 0.023 0.034 
 34  CAGUAD2    (0)    2 :  0.056 0.322 0.008 0.512 0.028 0.009 0.065 
 35  CAGUAD3    (0)    2 :  0.092 0.106 0.010 0.676 0.025 0.010 0.082 
 36  CAGUAD4   (25)    2 :  0.009 0.015 0.004 0.889 0.068 0.006 0.008 
 37  CAGUAD5    (8)    2 :  0.029 0.013 0.004 0.880 0.042 0.007 0.024 
 38  CAGUAD6    (0)    2 :  0.012 0.035 0.005 0.919 0.010 0.005 0.013 
 39  CAGUAD7    (0)    2 :  0.006 0.008 0.004 0.963 0.008 0.004 0.007 
 40  CAGUAD8    (8)    2 :  0.006 0.011 0.004 0.953 0.013 0.004 0.007 
 41  CAGUAD9    (0)    2 :  0.012 0.015 0.009 0.933 0.012 0.008 0.012 
 42 CAGUAD10   (25)    2 :  0.016 0.037 0.006 0.891 0.017 0.006 0.026 
 43 CAGUAD11    (0)    2 :  0.011 0.015 0.005 0.944 0.008 0.006 0.010 
 44 CAGUAD12    (0)    2 :  0.020 0.038 0.009 0.739 0.160 0.008 0.027 
 45 CAGUAD13    (0)    2 :  0.012 0.012 0.007 0.866 0.081 0.010 0.012 
 46 CAGUAD14    (0)    2 :  0.008 0.020 0.005 0.937 0.013 0.005 0.012 
 47 CAGUAD15    (0)    2 :  0.008 0.014 0.005 0.948 0.007 0.006 0.012 
 48 CAGUAD16    (0)    2 :  0.005 0.007 0.003 0.967 0.008 0.004 0.006 
 49 CAGUAD17    (0)    2 :  0.017 0.036 0.007 0.901 0.005 0.008 0.025 
 50 CAGUAD18    (0)    2 :  0.248 0.042 0.015 0.596 0.017 0.021 0.061 
 51 CAGUAD19    (0)    2 :  0.127 0.092 0.006 0.650 0.032 0.015 0.079 
 52 CAGUAD20    (0)    2 :  0.022 0.123 0.005 0.799 0.024 0.006 0.022 
 53 CAGUAD21    (0)    2 :  0.045 0.022 0.034 0.826 0.016 0.037 0.020 
 54 CAGUAD22    (0)    2 :  0.008 0.009 0.009 0.942 0.009 0.011 0.011 
 55 CAGUAD23    (0)    2 :  0.008 0.012 0.008 0.942 0.010 0.006 0.014 
 56 CAGUAD24    (0)    2 :  0.009 0.008 0.070 0.861 0.007 0.015 0.031 
 57 CAGUAD25    (0)    2 :  0.022 0.036 0.006 0.551 0.010 0.018 0.358 
 58 CAGUAD26   (16)    2 :  0.008 0.013 0.005 0.944 0.008 0.006 0.015 
 59 CAGUAD27    (0)    2 :  0.063 0.026 0.088 0.752 0.006 0.046 0.020 
 60 CAGUAD28    (0)    2 :  0.012 0.060 0.006 0.854 0.029 0.019 0.020 
 61 CAGUAD29    (0)    2 :  0.023 0.235 0.046 0.607 0.006 0.014 0.070 
 62 CAGUAD30    (0)    2 :  0.027 0.103 0.008 0.799 0.019 0.014 0.029 
 63 CAGUAD32    (0)    2 :  0.030 0.033 0.005 0.894 0.007 0.010 0.021 
 64  CAGUBH1    (0)    3 :  0.016 0.046 0.020 0.734 0.018 0.012 0.156 
 65  CAGUBH2    (0)    3 :  0.007 0.011 0.005 0.953 0.007 0.005 0.012 
 66  CAGUBH3   (25)    3 :  0.024 0.044 0.013 0.804 0.018 0.012 0.085 
 67  CAGUBH4    (0)    3 :  0.007 0.009 0.009 0.919 0.039 0.007 0.010 
 68  CAGUBH5    (0)    3 :  0.010 0.033 0.006 0.872 0.009 0.006 0.063 
 69  CAGUBH6    (0)    3 :  0.006 0.011 0.005 0.953 0.013 0.005 0.007 
 70  CAGUBH7    (0)    3 :  0.019 0.023 0.017 0.865 0.017 0.022 0.037 
 71  CAGUBH8   (25)    3 :  0.025 0.022 0.021 0.736 0.009 0.022 0.167 
 72  CAGUBH9    (8)    3 :  0.009 0.027 0.007 0.893 0.011 0.006 0.048 
 73 CAGUBH10    (0)    3 :  0.019 0.022 0.018 0.866 0.017 0.021 0.036 
 74 CAGUBH11    (8)    3 :  0.017 0.011 0.028 0.871 0.013 0.016 0.044 
 75 CAGUBH12   (25)    3 :  0.009 0.016 0.013 0.911 0.012 0.012 0.027 
 76 CAGUBH13   (33)    3 :  0.084 0.052 0.010 0.626 0.175 0.016 0.037 
 77 CAGUBH14   (16)    3 :  0.824 0.028 0.018 0.066 0.012 0.011 0.040 
 78 CAGUBH15    (0)    3 :  0.010 0.044 0.006 0.900 0.005 0.006 0.029 
 79 CAGUBH16    (0)    3 :  0.015 0.126 0.005 0.813 0.014 0.006 0.020 
 80 CAGUBH18    (8)    3 :  0.016 0.032 0.075 0.431 0.227 0.031 0.189 
 81 CAGUBH19    (8)    3 :  0.013 0.067 0.036 0.640 0.008 0.010 0.226 
 82 CAGUBH20    (8)    3 :  0.036 0.142 0.014 0.155 0.016 0.014 0.624 
 83 CAGUBH21    (8)    3 :  0.010 0.019 0.026 0.576 0.329 0.007 0.033 
 84 CAGUBH22    (0)    3 :  0.205 0.077 0.008 0.308 0.258 0.040 0.104 
 85 CAGUBH23    (0)    3 :  0.035 0.076 0.006 0.810 0.008 0.011 0.053 
 86 CAGUBH25   (25)    3 :  0.023 0.028 0.072 0.670 0.012 0.073 0.123 
 87 CAGUBH26    (0)    3 :  0.097 0.075 0.065 0.240 0.048 0.026 0.449 
 88 CAGUBH27    (0)    3 :  0.009 0.014 0.011 0.917 0.010 0.007 0.031 
 89 CAGUBH28   (25)    3 :  0.058 0.103 0.082 0.020 0.011 0.008 0.718 
 90 CAGUBH29    (0)    3 :  0.018 0.072 0.029 0.324 0.007 0.220 0.330 
 91 CAGUBH30    (0)    3 :  0.040 0.211 0.010 0.626 0.016 0.009 0.089 
 92 CAGUBH31    (0)    3 :  0.010 0.009 0.007 0.942 0.010 0.009 0.014 
 93 CAGUBH32    (0)    3 :  0.023 0.036 0.012 0.662 0.052 0.012 0.203 
 94 CAGUBH34    (0)    3 :  0.069 0.051 0.033 0.590 0.007 0.020 0.229 
 95 CAGUBH36   (33)    3 :  0.107 0.046 0.018 0.117 0.597 0.010 0.105 
 96 CAGUBH37    (8)    3 :  0.014 0.078 0.054 0.245 0.013 0.023 0.572 
 97 CAGUMSR1    (0)    4 :  0.012 0.019 0.008 0.933 0.007 0.006 0.016 
 98 CAGUMSR2    (0)    4 :  0.075 0.019 0.005 0.867 0.010 0.008 0.016 
 99 CAGUMSR3    (0)    4 :  0.021 0.012 0.004 0.931 0.006 0.005 0.021 
100 CAGUMSR4    (0)    4 :  0.007 0.012 0.004 0.955 0.010 0.004 0.007 
101 CAGUMSR5    (0)    4 :  0.007 0.011 0.010 0.945 0.009 0.006 0.012 
102 CAGUMSR6    (0)    4 :  0.019 0.053 0.004 0.875 0.022 0.006 0.021 
103 CAGUMSR7    (0)    4 :  0.032 0.013 0.008 0.907 0.008 0.013 0.020 
104 CAGUMSR8    (0)    4 :  0.008 0.014 0.003 0.955 0.007 0.004 0.009 
105 CAGUMSR9    (0)    4 :  0.044 0.029 0.011 0.857 0.013 0.009 0.037 
106 CAGUMSR10    (0)    4 :  0.009 0.011 0.009 0.946 0.007 0.005 0.013 
107 CAGUMSR11    (0)    4 :  0.020 0.037 0.012 0.839 0.009 0.008 0.075 
108 CAGUMSR12    (0)    4 :  0.010 0.011 0.004 0.938 0.022 0.006 0.009 
109 CAGUMSR13    (0)    4 :  0.008 0.012 0.004 0.942 0.021 0.004 0.009 
110 CAGUMSR14    (8)    4 :  0.059 0.013 0.032 0.689 0.006 0.120 0.081 
111 CAGUMSR15    (0)    4 :  0.007 0.008 0.004 0.946 0.023 0.004 0.008 
112 CAGUMSR16    (0)    4 :  0.019 0.103 0.006 0.734 0.068 0.015 0.054 
113 CAGUMSR18    (0)    4 :  0.024 0.020 0.014 0.852 0.066 0.005 0.019 
114 CAGUMSR19    (0)    4 :  0.010 0.015 0.007 0.925 0.024 0.007 0.013 
115 CAGUMSR20    (0)    4 :  0.011 0.011 0.003 0.951 0.008 0.004 0.011 
116 CAGUMSR21    (0)    4 :  0.026 0.041 0.010 0.834 0.017 0.012 0.062 
117 CAGUMSR22    (0)    4 :  0.010 0.013 0.004 0.949 0.007 0.005 0.012 
118 CAGUMSR23    (0)    4 :  0.008 0.010 0.004 0.946 0.016 0.005 0.009 
119 CAGUMSR24    (0)    4 :  0.006 0.009 0.004 0.963 0.007 0.004 0.007 
120 CAGUMSR25    (8)    4 :  0.012 0.018 0.007 0.879 0.065 0.006 0.013 
121 CAGUMSR26    (0)    4 :  0.070 0.396 0.008 0.335 0.011 0.021 0.161 
122 CAGUMSR28    (0)    4 :  0.062 0.019 0.005 0.883 0.008 0.006 0.016 
123 CAGUMSR29   (16)    4 :  0.018 0.489 0.008 0.423 0.026 0.011 0.024 
124 CAGUMSR30    (0)    4 :  0.045 0.049 0.009 0.132 0.004 0.011 0.750 
125 CAGURAT6    (0)    5 :  0.012 0.009 0.019 0.745 0.183 0.013 0.019 
126 CAGURAT8   (16)    5 :  0.038 0.232 0.010 0.611 0.034 0.017 0.058 
127 CAGURAT10    (8)    5 :  0.010 0.029 0.005 0.920 0.014 0.005 0.016 
128 CAGURAT11    (0)    5 :  0.026 0.163 0.029 0.616 0.044 0.026 0.095 
129 CAGURAT12   (25)    5 :  0.052 0.240 0.074 0.217 0.293 0.015 0.109 
130 CAGURAT14   (25)    5 :  0.676 0.048 0.014 0.078 0.038 0.036 0.109 
131 CAGURAT15   (25)    5 :  0.023 0.025 0.040 0.816 0.060 0.009 0.028 
132 CAGURAT16   (16)    5 :  0.023 0.045 0.014 0.775 0.056 0.024 0.063 
133 CAGURAT17    (0)    5 :  0.012 0.100 0.016 0.401 0.396 0.011 0.064 
134 CAGURAT18   (41)    5 :  0.674 0.105 0.009 0.054 0.065 0.009 0.083 
135 CAGURAT19    (8)    5 :  0.012 0.021 0.024 0.894 0.010 0.017 0.021 
136 CAGURAT20   (16)    5 :  0.010 0.026 0.041 0.622 0.253 0.017 0.032 
137 CAGURAT21    (8)    5 :  0.014 0.008 0.063 0.867 0.005 0.015 0.029 
138 CAGURAT22    (8)    5 :  0.033 0.051 0.007 0.827 0.017 0.007 0.058 
139 CAGURAT23    (0)    5 :  0.016 0.037 0.005 0.891 0.023 0.006 0.023 
140 CAGURAT25    (0)    5 :  0.019 0.057 0.004 0.876 0.013 0.006 0.023 
141 CAGURAT29    (0)    5 :  0.021 0.606 0.006 0.230 0.014 0.011 0.112 
142 CAGURAT30    (0)    5 :  0.007 0.009 0.019 0.295 0.638 0.020 0.011 
143 CAGURAT31    (0)    5 :  0.013 0.124 0.006 0.752 0.007 0.009 0.089 
144 CAGURAT32    (8)    5 :  0.064 0.042 0.012 0.441 0.373 0.016 0.052 
145 CAGURAT33   (25)    5 :  0.014 0.014 0.006 0.932 0.015 0.008 0.012 
146 CAGURAT34    (0)    5 :  0.015 0.026 0.007 0.912 0.008 0.005 0.027 
147 CAGURAT35    (0)    5 :  0.012 0.121 0.088 0.366 0.008 0.009 0.396 
148 CAGURAT36    (0)    5 :  0.051 0.044 0.014 0.472 0.061 0.021 0.338 
149  CAGUWP1    (8)    6 :  0.015 0.013 0.011 0.924 0.010 0.007 0.018 
150  CAGUWP7    (8)    6 :  0.022 0.037 0.008 0.806 0.075 0.011 0.041 
151  CAGUWP9   (33)    6 :  0.007 0.011 0.015 0.936 0.011 0.009 0.010 
152 CAGUWP11   (16)    6 :  0.021 0.084 0.009 0.780 0.014 0.007 0.086 
153 CAGUWP14   (16)    6 :  0.031 0.018 0.017 0.685 0.027 0.052 0.171 
154 CAGUWP17   (16)    6 :  0.019 0.040 0.108 0.196 0.013 0.041 0.584 
155 CAGUWP18   (16)    6 :  0.019 0.057 0.029 0.811 0.025 0.009 0.049 
156 CAGUWP19    (8)    6 :  0.020 0.019 0.024 0.274 0.174 0.469 0.021 
157 CAGUWP20    (8)    6 :  0.009 0.008 0.009 0.952 0.007 0.006 0.009 
158 CAGUWP21   (16)    6 :  0.044 0.023 0.028 0.509 0.048 0.183 0.164 
159 CAGUWP22    (8)    6 :  0.011 0.015 0.101 0.701 0.116 0.027 0.029 
160  CAGUSD1   (25)    7 :  0.021 0.830 0.014 0.017 0.064 0.007 0.047 
161  CAGUSD3   (33)    7 :  0.261 0.278 0.060 0.027 0.174 0.044 0.155 
162  CAGUSD4    (0)    7 :  0.034 0.604 0.013 0.067 0.216 0.011 0.055 
163  CAGUSD5   (25)    7 :  0.033 0.845 0.008 0.017 0.010 0.008 0.077 
164  CAGUSD7    (8)    7 :  0.020 0.421 0.016 0.195 0.012 0.008 0.327 
165  CAGUSD8    (8)    7 :  0.186 0.567 0.010 0.065 0.024 0.008 0.139 
166  CAGUSD9    (8)    7 :  0.048 0.361 0.012 0.013 0.010 0.012 0.545 
167 CAGUSD11   (16)    7 :  0.037 0.172 0.013 0.260 0.163 0.042 0.312 
168 CAGUSD12   (16)    7 :  0.269 0.145 0.014 0.036 0.032 0.016 0.488 
169 CAGUSD14    (0)    7 :  0.021 0.654 0.006 0.026 0.013 0.010 0.271 
170 CAGUSD15    (8)    7 :  0.027 0.899 0.019 0.013 0.014 0.006 0.024 
171 CAGUSD16    (8)    7 :  0.092 0.264 0.027 0.045 0.502 0.008 0.063 
172 CAGUSD17   (16)    7 :  0.342 0.123 0.018 0.098 0.027 0.038 0.353 
173 CAGUSD18   (16)    7 :  0.063 0.413 0.015 0.301 0.023 0.087 0.098 
174 CAGUSD19    (0)    7 :  0.052 0.870 0.006 0.014 0.021 0.011 0.027 
175 CAGUSD20    (0)    7 :  0.012 0.781 0.087 0.013 0.057 0.021 0.028 
176 CAGUSD21    (0)    7 :  0.016 0.522 0.006 0.300 0.021 0.005 0.130 
177 CAGUSD22    (0)    7 :  0.331 0.359 0.011 0.105 0.018 0.005 0.170 
178 CAGUSD23   (16)    7 :  0.046 0.420 0.016 0.059 0.007 0.074 0.378 
179 CAGUSD25    (8)    7 :  0.024 0.179 0.079 0.048 0.546 0.021 0.102 
180 CAGUSD27    (0)    7 :  0.009 0.927 0.005 0.027 0.016 0.004 0.012 
181 CAGUSD28   (16)    7 :  0.241 0.460 0.012 0.097 0.015 0.011 0.165 
182 CAGUSD29    (8)    7 :  0.024 0.890 0.012 0.015 0.021 0.008 0.031 
183 CAGUSD30    (0)    7 :  0.021 0.680 0.026 0.038 0.139 0.012 0.084 
184 CAGUSD32    (0)    7 :  0.019 0.818 0.012 0.068 0.013 0.020 0.052 
185 CAGUSD33   (16)    7 :  0.012 0.919 0.008 0.015 0.010 0.006 0.030 
186 CAGUSD34    (8)    7 :  0.077 0.590 0.005 0.201 0.075 0.006 0.047 
187 CAGUSD35    (0)    7 :  0.155 0.682 0.016 0.007 0.028 0.032 0.081 
188 CAGURGR1   (16)    8 :  0.016 0.687 0.010 0.020 0.239 0.006 0.023 
189 CAGURGR4    (0)    8 :  0.068 0.103 0.025 0.407 0.165 0.026 0.206 
190 CAGURGR5    (0)    8 :  0.577 0.102 0.004 0.220 0.056 0.006 0.036 
191 CAGURGR6    (8)    8 :  0.298 0.188 0.016 0.021 0.326 0.013 0.138 
192 CAGURGR7    (0)    8 :  0.027 0.878 0.008 0.008 0.012 0.044 0.023 
193 CAGURGR8    (8)    8 :  0.845 0.037 0.005 0.032 0.031 0.007 0.043 
194 CAGURGR9   (16)    8 :  0.178 0.651 0.011 0.034 0.048 0.010 0.069 
195 CAGURGR10    (0)    8 :  0.013 0.901 0.007 0.008 0.005 0.049 0.018 
196 CAGURGR11    (0)    8 :  0.026 0.560 0.005 0.078 0.280 0.005 0.046 
197 CAGURGR12    (0)    8 :  0.110 0.020 0.019 0.008 0.652 0.151 0.039 
198 CAGURGR13    (0)    8 :  0.236 0.646 0.008 0.045 0.009 0.006 0.050 
199 CAGURGR14    (0)    8 :  0.021 0.533 0.013 0.015 0.304 0.014 0.101 
200 CAGURGR15   (25)    8 :  0.013 0.934 0.006 0.016 0.010 0.005 0.015 
201 CAGURGR16   (16)    8 :  0.457 0.212 0.006 0.157 0.082 0.010 0.075 
202 CAGURGR17    (8)    8 :  0.037 0.070 0.016 0.131 0.703 0.008 0.036 
203 CAGURGR19    (0)    8 :  0.086 0.838 0.011 0.008 0.017 0.015 0.025 
204 CAGURGR21    (8)    8 :  0.127 0.239 0.066 0.261 0.014 0.013 0.279 
205 CAGURGR22    (0)    8 :  0.030 0.063 0.044 0.014 0.798 0.019 0.034 
206 CAGURGR23   (16)    8 :  0.016 0.580 0.007 0.179 0.007 0.188 0.023 
207 CAGURGR24    (8)    8 :  0.669 0.060 0.011 0.037 0.148 0.012 0.064 
208  CAGUCM1    (0)   10 :  0.136 0.446 0.054 0.021 0.010 0.021 0.312 
209  CAGUCM2    (0)   10 :  0.233 0.434 0.011 0.012 0.006 0.012 0.293 
210  CAGUCM3    (0)   10 :  0.065 0.041 0.011 0.014 0.023 0.011 0.836 
211  CAGUCM4    (0)   10 :  0.941 0.008 0.007 0.005 0.004 0.019 0.015 
212  CAGUCM5   (33)   10 :  0.062 0.238 0.014 0.078 0.010 0.010 0.589 
213  CAGUCM6    (0)   10 :  0.103 0.031 0.024 0.013 0.008 0.028 0.792 
214  CAGUCM7    (0)   10 :  0.032 0.767 0.005 0.020 0.007 0.007 0.162 
215  CAGUCM8    (0)   10 :  0.037 0.506 0.012 0.073 0.013 0.054 0.305 
216  CAGUCM9    (0)   10 :  0.049 0.215 0.006 0.030 0.007 0.006 0.686 
217 CAGUCM10    (0)   10 :  0.052 0.605 0.006 0.008 0.019 0.018 0.292 
218 CAGUCM11    (0)   10 :  0.128 0.452 0.028 0.030 0.017 0.043 0.301 
219 CAGUCM12    (8)   10 :  0.287 0.423 0.038 0.012 0.009 0.038 0.194 
220 CAGUCM13    (0)   10 :  0.151 0.365 0.008 0.009 0.007 0.069 0.390 
221 CAGULPR1    (0)   11 :  0.049 0.290 0.013 0.540 0.017 0.015 0.077 
222 CAGULPR2    (0)   11 :  0.700 0.029 0.136 0.022 0.050 0.023 0.041 
223 CAGULPR3    (0)   11 :  0.016 0.936 0.004 0.006 0.005 0.006 0.027 
224 CAGULPR4    (0)   11 :  0.029 0.448 0.017 0.042 0.009 0.008 0.445 
225 CAGULPR5    (0)   11 :  0.576 0.090 0.007 0.024 0.006 0.009 0.289 
226 CAGULPR6    (0)   11 :  0.578 0.060 0.153 0.045 0.016 0.021 0.127 
227 CAGULPR7    (0)   11 :  0.485 0.079 0.044 0.013 0.006 0.030 0.343 
228 CAGULPR8    (0)   11 :  0.016 0.922 0.005 0.015 0.008 0.008 0.025 
229 CAGULPR9    (0)   11 :  0.572 0.086 0.007 0.019 0.007 0.010 0.300 
230 CAGULPR10    (0)   11 :  0.073 0.191 0.006 0.168 0.491 0.007 0.064 
231 CAGULPR11    (0)   11 :  0.177 0.437 0.005 0.115 0.118 0.008 0.140 
232 CAGULPR12    (0)   11 :  0.077 0.243 0.005 0.538 0.010 0.041 0.086 
233 CAGULPR13    (0)   11 :  0.021 0.302 0.024 0.275 0.040 0.024 0.313 
234 CAGULPR14    (0)   11 :  0.070 0.466 0.006 0.046 0.035 0.006 0.371 
235 CAGULPR15    (0)   11 :  0.917 0.017 0.006 0.022 0.008 0.008 0.022 
236 CAGULPR16    (0)   11 :  0.054 0.114 0.093 0.101 0.188 0.044 0.406 
237 CAGULPR17    (0)   11 :  0.137 0.100 0.208 0.032 0.005 0.344 0.173 
238 CAGULPR18    (0)   11 :  0.074 0.563 0.009 0.146 0.007 0.009 0.192 
239 CAGULPR19    (0)   11 :  0.174 0.442 0.013 0.045 0.006 0.015 0.305 
240 CAGULPR20    (0)   11 :  0.032 0.531 0.009 0.319 0.015 0.029 0.066 
241 CAGULPR21    (0)   11 :  0.044 0.306 0.277 0.129 0.014 0.058 0.172 
242 CAGULPR22    (0)   11 :  0.729 0.040 0.020 0.009 0.006 0.017 0.180 
243 CAGULPR23    (0)   11 :  0.049 0.401 0.039 0.016 0.020 0.017 0.457 
244 CAGULPR24    (0)   11 :  0.428 0.284 0.015 0.100 0.010 0.028 0.135 
245 CAGULPR25    (0)   11 :  0.012 0.937 0.004 0.022 0.008 0.005 0.012 
246 CAGULPR26    (0)   11 :  0.837 0.012 0.070 0.005 0.005 0.035 0.036 
247 CAGULPR28    (0)   11 :  0.054 0.478 0.005 0.039 0.006 0.007 0.411 
248 CAGULPR29    (8)   11 :  0.597 0.112 0.016 0.030 0.008 0.020 0.217 
249  CAGUPB1    (0)   12 :  0.099 0.312 0.042 0.409 0.019 0.014 0.105 
250  CAGUPB2    (0)   12 :  0.059 0.016 0.008 0.008 0.006 0.009 0.893 
251  CAGUPB3    (0)   12 :  0.869 0.026 0.006 0.012 0.051 0.007 0.030 
252  CAGUPB4    (0)   12 :  0.783 0.041 0.012 0.011 0.009 0.015 0.129 
253  CAGUPB5    (0)   12 :  0.082 0.120 0.012 0.067 0.025 0.018 0.676 
254  CAGUPB6    (0)   12 :  0.068 0.123 0.008 0.672 0.043 0.009 0.077 
255  CAGUPB7    (0)   12 :  0.730 0.089 0.011 0.026 0.027 0.009 0.108 
256  CAGUPB8    (0)   12 :  0.154 0.263 0.008 0.043 0.072 0.007 0.453 
257  CAGUPB9    (0)   12 :  0.156 0.200 0.008 0.063 0.016 0.042 0.514 
258 CAGUPB10    (0)   12 :  0.559 0.028 0.015 0.009 0.015 0.014 0.360 
259 CAGUPB11    (8)   12 :  0.706 0.025 0.008 0.012 0.010 0.009 0.230 
260 CAGUPB12    (0)   12 :  0.214 0.034 0.061 0.437 0.010 0.066 0.178 
261 CAGUPB13    (0)   12 :  0.848 0.013 0.024 0.019 0.030 0.033 0.034 
262 CAGUPB14    (0)   12 :  0.163 0.112 0.005 0.287 0.021 0.228 0.184 
263 CAGUPB15    (0)   12 :  0.669 0.165 0.008 0.012 0.008 0.012 0.126 
264 CAGUPB16    (0)   12 :  0.374 0.186 0.014 0.008 0.009 0.009 0.401 
265 CAGUPB18    (0)   12 :  0.228 0.166 0.011 0.017 0.139 0.009 0.430 
266 CAGUPB19    (0)   12 :  0.218 0.227 0.007 0.013 0.015 0.014 0.505 
267 CAGUPB20    (0)   12 :  0.172 0.136 0.016 0.049 0.024 0.011 0.593 
268 CAGUPB22    (0)   12 :  0.347 0.080 0.018 0.016 0.011 0.014 0.514 
269 CAGUPB23   (16)   12 :  0.624 0.074 0.013 0.014 0.010 0.026 0.240 
270 CAGUPB24    (0)   12 :  0.128 0.032 0.023 0.058 0.016 0.037 0.707 
271 CAGUPB25    (0)   12 :  0.712 0.027 0.029 0.009 0.009 0.016 0.198 
272 CAGUPB26    (0)   12 :  0.647 0.018 0.015 0.047 0.009 0.198 0.066 
273 CAGUPB27    (0)   12 :  0.053 0.066 0.009 0.016 0.009 0.010 0.837 
274 CAGUPB28    (8)   12 :  0.797 0.069 0.010 0.023 0.014 0.008 0.078 
275 CAGUPB29    (0)   12 :  0.020 0.861 0.005 0.021 0.028 0.009 0.057 
276 CAGUPB30    (0)   12 :  0.115 0.718 0.005 0.021 0.017 0.009 0.115 
277 CAGUPB31    (0)   12 :  0.649 0.080 0.038 0.028 0.015 0.060 0.131 
278 CAGUPB32    (0)   12 :  0.739 0.133 0.011 0.016 0.020 0.013 0.068 
279  CAGUMB1    (0)   13 :  0.126 0.114 0.074 0.140 0.038 0.037 0.470 
280  CAGUMB2    (0)   13 :  0.079 0.224 0.032 0.248 0.057 0.028 0.332 
281  CAGUMB3    (0)   13 :  0.337 0.483 0.041 0.019 0.016 0.040 0.065 
282  CAGUMB4    (0)   13 :  0.651 0.155 0.011 0.011 0.011 0.024 0.137 
283  CAGUMB6    (0)   13 :  0.280 0.213 0.015 0.050 0.039 0.007 0.397 
284  CAGUMB8    (0)   13 :  0.097 0.331 0.007 0.015 0.326 0.009 0.216 
285  CAGUMB9    (0)   13 :  0.269 0.049 0.008 0.026 0.019 0.008 0.621 
286 CAGUMB10    (0)   13 :  0.246 0.062 0.011 0.175 0.010 0.049 0.447 
287 CAGUMB11    (0)   13 :  0.176 0.107 0.010 0.380 0.023 0.016 0.287 
288 CAGUMB12    (0)   13 :  0.296 0.171 0.017 0.280 0.081 0.007 0.146 
289 CAGUMB14    (0)   13 :  0.859 0.015 0.009 0.011 0.010 0.067 0.029 
290 CAGUMB15    (0)   13 :  0.051 0.572 0.017 0.036 0.008 0.009 0.307 
291 CAGUMB16    (0)   13 :  0.166 0.417 0.010 0.012 0.032 0.042 0.320 
292 CAGUMB17    (0)   13 :  0.167 0.280 0.042 0.024 0.034 0.025 0.427 
293 CAGUMB18    (0)   13 :  0.831 0.091 0.010 0.015 0.009 0.008 0.037 
294 CAGUMB19    (0)   13 :  0.087 0.805 0.008 0.018 0.010 0.018 0.053 
295 CAGUMB20    (0)   13 :  0.799 0.022 0.006 0.018 0.010 0.029 0.116 
296 CAGUMB21    (0)   13 :  0.067 0.732 0.005 0.092 0.007 0.010 0.087 
297 CAGUMB22    (0)   13 :  0.905 0.041 0.004 0.010 0.008 0.011 0.020 
298 CAGUMB24    (0)   13 :  0.477 0.021 0.004 0.303 0.008 0.149 0.037 
299 CAGUMB25    (0)   13 :  0.166 0.024 0.028 0.130 0.013 0.201 0.438 
300 CAGUMB26    (0)   13 :  0.075 0.380 0.017 0.218 0.016 0.007 0.287 
301 CAGUMB27    (8)   13 :  0.141 0.210 0.017 0.089 0.009 0.008 0.525 
302 CAGUMB28    (0)   13 :  0.023 0.769 0.005 0.082 0.010 0.007 0.103 
303 CAGUMB29    (0)   13 :  0.627 0.035 0.008 0.055 0.110 0.013 0.151 
304 CAGUMB30    (0)   13 :  0.699 0.015 0.020 0.015 0.007 0.068 0.177 
305 CAGUMB31    (0)   13 :  0.826 0.074 0.006 0.010 0.020 0.012 0.052 
306  CAGUFP1    (8)   14 :  0.081 0.381 0.149 0.008 0.005 0.034 0.342 
307  CAGUFP2    (8)   14 :  0.110 0.319 0.010 0.021 0.007 0.020 0.514 
308  CAGUFP3   (25)   14 :  0.046 0.434 0.010 0.049 0.009 0.012 0.440 
309  CAGUFP4    (8)   14 :  0.062 0.418 0.080 0.020 0.018 0.057 0.345 
310  CAGUFP5    (8)   14 :  0.026 0.857 0.011 0.012 0.010 0.009 0.073 
311  CAGUFP6    (0)   14 :  0.050 0.435 0.014 0.017 0.011 0.018 0.455 
312  CAGUFP7    (0)   14 :  0.080 0.204 0.027 0.091 0.065 0.077 0.456 
313  CAGUFP8   (16)   14 :  0.567 0.011 0.347 0.010 0.009 0.017 0.038 
314  CAGUFP9   (16)   14 :  0.785 0.013 0.110 0.014 0.008 0.024 0.046 
315 CAGUFP10    (0)   14 :  0.659 0.035 0.057 0.016 0.014 0.063 0.156 
316 CAGUFP11    (0)   14 :  0.683 0.066 0.049 0.025 0.026 0.010 0.141 
317 CAGUFP12    (0)   14 :  0.371 0.090 0.025 0.048 0.022 0.050 0.394 
318 CAGUFP14    (0)   14 :  0.199 0.363 0.086 0.021 0.010 0.019 0.301 
319 CAGUFP15    (0)   14 :  0.067 0.168 0.005 0.025 0.012 0.010 0.714 
320 CAGUFP16    (0)   14 :  0.042 0.165 0.050 0.032 0.025 0.436 0.250 
321 CAGUFP17    (0)   14 :  0.722 0.058 0.029 0.045 0.046 0.008 0.093 
322 CAGUFP18    (0)   14 :  0.022 0.018 0.049 0.043 0.010 0.012 0.845 
323 CAGUFP19    (0)   14 :  0.020 0.031 0.049 0.055 0.017 0.012 0.815 
324 CAGUFP20   (25)   14 :  0.146 0.565 0.007 0.025 0.014 0.008 0.234 
325 CAGUFP21    (0)   14 :  0.814 0.087 0.005 0.013 0.010 0.012 0.059 
326 CAGUFP22    (8)   14 :  0.017 0.031 0.042 0.097 0.012 0.016 0.784 
327 CAGUFP23    (0)   14 :  0.194 0.137 0.007 0.112 0.021 0.014 0.514 
328 CAGUFP24    (0)   14 :  0.726 0.058 0.013 0.047 0.029 0.010 0.117 
329 CAGUFP25    (0)   14 :  0.116 0.571 0.010 0.116 0.009 0.024 0.154 
330 CAGUFP27    (0)   14 :  0.858 0.036 0.032 0.009 0.006 0.022 0.038 
331 CAGUFP28   (16)   14 :  0.121 0.575 0.005 0.069 0.106 0.009 0.114 
332 CAGUFP29    (0)   14 :  0.061 0.609 0.013 0.047 0.018 0.081 0.170 
333 CAGUFP30    (0)   14 :  0.024 0.901 0.005 0.018 0.010 0.008 0.035 
334 CAGUFP31    (0)   14 :  0.235 0.471 0.072 0.008 0.008 0.105 0.102 
335 CAGUFP32    (8)   14 :  0.031 0.838 0.022 0.012 0.012 0.017 0.068 
336 CAGUFP33    (8)   14 :  0.136 0.284 0.007 0.027 0.136 0.169 0.240 
337 CAGUFP34    (0)   14 :  0.175 0.413 0.008 0.145 0.010 0.026 0.222 
338 CAGUDIX1    (0)   15 :  0.228 0.275 0.032 0.014 0.023 0.117 0.311 
339 CAGUDIX2    (0)   15 :  0.476 0.214 0.014 0.009 0.010 0.038 0.240 
340 CAGUDIX3    (0)   15 :  0.601 0.032 0.079 0.015 0.013 0.067 0.194 
341 CAGUDIX4    (0)   15 :  0.072 0.066 0.059 0.010 0.025 0.113 0.655 
342 CAGUDIX5    (0)   15 :  0.716 0.038 0.008 0.011 0.009 0.180 0.039 
343 CAGUDIX6    (0)   15 :  0.868 0.014 0.014 0.011 0.008 0.021 0.065 
344 CAGUDIX7    (0)   15 :  0.504 0.124 0.010 0.034 0.015 0.009 0.305 
345 CAGUDIX8    (0)   15 :  0.475 0.017 0.013 0.012 0.005 0.060 0.418 
346 CAGUDIX9    (0)   15 :  0.114 0.217 0.011 0.019 0.017 0.008 0.614 
347 CAGUDIX10    (0)   15 :  0.147 0.442 0.006 0.016 0.051 0.009 0.329 
348 CAGUDIX11    (8)   15 :  0.077 0.179 0.031 0.013 0.012 0.017 0.672 
349 CAGUDIX12    (0)   15 :  0.060 0.804 0.013 0.018 0.013 0.030 0.062 
350 CAGUDIX13    (0)   15 :  0.057 0.494 0.023 0.020 0.117 0.094 0.195 
351 CAGUDIX14    (8)   15 :  0.044 0.424 0.008 0.018 0.006 0.442 0.058 
352 CAGUDIX15   (25)   15 :  0.528 0.206 0.011 0.030 0.008 0.010 0.206 
353 CAGUDIX16    (0)   15 :  0.149 0.441 0.007 0.079 0.014 0.036 0.273 
354 CAGUDIX17    (0)   15 :  0.869 0.035 0.013 0.008 0.006 0.017 0.051 
355 CAGUDIX18    (0)   15 :  0.663 0.122 0.032 0.019 0.015 0.038 0.110 
356 CAGUDIX19    (0)   15 :  0.537 0.064 0.006 0.331 0.014 0.007 0.041 
357 CAGUDIX20    (0)   15 :  0.422 0.233 0.017 0.015 0.005 0.140 0.168 
358 CAGUDIX21   (16)   15 :  0.389 0.108 0.011 0.013 0.010 0.016 0.453 
359 CAGUDIX22    (0)   15 :  0.323 0.221 0.042 0.024 0.006 0.017 0.367 
360 CAGUDIX23    (0)   15 :  0.172 0.479 0.015 0.012 0.010 0.195 0.118 
361 CAGUDIX24    (0)   15 :  0.572 0.192 0.005 0.024 0.022 0.009 0.177 
362 CAGUDIX25    (0)   15 :  0.117 0.050 0.015 0.041 0.012 0.384 0.380 
363 CAGUDIX26    (0)   15 :  0.752 0.020 0.043 0.009 0.057 0.029 0.090 
364 CAGUDIX27    (0)   15 :  0.153 0.085 0.029 0.011 0.012 0.303 0.407 
365 CAGUDIX28    (0)   15 :  0.147 0.038 0.008 0.050 0.008 0.017 0.733 
366 CAGUDIX29    (0)   15 :  0.781 0.069 0.008 0.013 0.011 0.018 0.099 
367 CAGUDIX30    (8)   15 :  0.237 0.039 0.011 0.525 0.014 0.021 0.152 
368 CAGUDIX31    (8)   15 :  0.536 0.043 0.007 0.186 0.013 0.147 0.067 
369 CAGUDIX32    (0)   15 :  0.842 0.024 0.042 0.009 0.006 0.047 0.030 
370 CAGUCR1151    (0)   16 :  0.228 0.023 0.259 0.041 0.129 0.090 0.229 
371 CAGUCR1152   (16)   16 :  0.048 0.016 0.324 0.012 0.032 0.184 0.383 
372  CAGUSL1    (8)   17 :  0.031 0.067 0.714 0.045 0.053 0.016 0.073 
373  CAGUSL2    (0)   17 :  0.350 0.066 0.102 0.012 0.011 0.030 0.429 
374  CAGUSL3    (0)   17 :  0.057 0.033 0.487 0.168 0.037 0.021 0.197 
375  CAGUSL4    (0)   17 :  0.054 0.042 0.696 0.010 0.008 0.157 0.033 
376  CAGUSL5    (0)   17 :  0.109 0.155 0.567 0.027 0.006 0.063 0.074 
377  CAGUSL6    (0)   17 :  0.281 0.060 0.449 0.059 0.022 0.038 0.091 
378  CAGUSL7    (0)   17 :  0.049 0.160 0.105 0.074 0.036 0.071 0.506 
379  CAGUSL8    (0)   17 :  0.080 0.037 0.330 0.033 0.050 0.163 0.307 
380  CAGUSL9   (25)   17 :  0.787 0.073 0.032 0.017 0.012 0.017 0.062 
381 CAGUSL10    (8)   17 :  0.031 0.213 0.505 0.055 0.011 0.019 0.166 
382 CAGUSL11   (16)   17 :  0.043 0.046 0.589 0.016 0.009 0.161 0.135 
383 CAGUSL12    (0)   17 :  0.055 0.207 0.484 0.052 0.027 0.022 0.152 
384 CAGUSL13    (0)   17 :  0.045 0.065 0.651 0.097 0.018 0.019 0.105 
385 CAGUSL14    (0)   17 :  0.078 0.076 0.070 0.036 0.009 0.027 0.704 
386 CAGUSL15    (8)   17 :  0.071 0.073 0.452 0.035 0.039 0.044 0.286 
387 CAGUSL16    (0)   17 :  0.061 0.193 0.111 0.019 0.042 0.025 0.548 
388 CAGUSL17    (8)   17 :  0.013 0.012 0.015 0.005 0.009 0.934 0.011 
389 CAGUSL18    (0)   17 :  0.062 0.082 0.573 0.124 0.062 0.026 0.071 
390 CAGUSL19    (0)   17 :  0.347 0.166 0.091 0.034 0.093 0.099 0.169 
391 CAGUSL20    (8)   17 :  0.043 0.065 0.752 0.022 0.017 0.049 0.054 
392 CAGUSL21    (0)   17 :  0.062 0.132 0.608 0.035 0.023 0.040 0.100 
393 CAGUSL22    (0)   17 :  0.101 0.271 0.392 0.032 0.032 0.032 0.140 
394 CAGUSL23    (8)   17 :  0.225 0.031 0.647 0.012 0.013 0.024 0.049 
395 CAGUSL24    (0)   17 :  0.037 0.101 0.057 0.108 0.007 0.046 0.645 
396 CAGUSL25    (8)   17 :  0.082 0.237 0.030 0.058 0.038 0.068 0.487 
397 CAGUSL26    (8)   17 :  0.518 0.060 0.033 0.018 0.010 0.028 0.333 
398 CAGUSL27    (0)   17 :  0.020 0.022 0.898 0.021 0.011 0.010 0.018 
399 CAGUSL28    (0)   17 :  0.195 0.098 0.414 0.093 0.012 0.095 0.094 
400 CAGUSL29    (0)   17 :  0.712 0.092 0.010 0.013 0.011 0.027 0.134 
401 CAGUSL30    (0)   17 :  0.167 0.059 0.575 0.014 0.023 0.030 0.132 
402 CAGUSL31    (0)   17 :  0.311 0.028 0.505 0.022 0.010 0.016 0.108 
403 CAGUSL32    (8)   17 :  0.867 0.014 0.029 0.006 0.008 0.041 0.036 
404  CAGUSR1    (0)   18 :  0.030 0.030 0.730 0.045 0.114 0.012 0.039 
405  CAGUSR2    (8)   18 :  0.028 0.038 0.720 0.113 0.031 0.028 0.041 
406  CAGUSR3    (8)   18 :  0.008 0.009 0.934 0.010 0.007 0.020 0.012 
407  CAGUSR4    (8)   18 :  0.060 0.060 0.717 0.023 0.040 0.035 0.064 
408  CAGUSR5    (0)   18 :  0.060 0.050 0.816 0.010 0.021 0.012 0.031 
409  CAGUSR6    (0)   18 :  0.326 0.245 0.080 0.045 0.020 0.065 0.219 
410  CAGUSR7    (0)   18 :  0.093 0.012 0.702 0.109 0.026 0.036 0.024 
411  CAGUSR8    (8)   18 :  0.103 0.053 0.691 0.006 0.007 0.084 0.056 
412  CAGUSR9    (8)   18 :  0.005 0.007 0.962 0.010 0.004 0.006 0.007 
413 CAGUSR10    (8)   18 :  0.010 0.008 0.922 0.009 0.021 0.018 0.012 
414 CAGUSR11    (0)   18 :  0.195 0.012 0.611 0.044 0.012 0.038 0.088 
415 CAGUSR12    (8)   18 :  0.032 0.012 0.770 0.005 0.062 0.028 0.092 
416 CAGUSR13   (16)   18 :  0.044 0.016 0.813 0.034 0.013 0.050 0.030 
417 CAGUSR14    (0)   18 :  0.076 0.088 0.651 0.047 0.039 0.055 0.044 
418 CAGUSR15    (8)   18 :  0.125 0.038 0.458 0.019 0.026 0.221 0.113 
419 CAGUSR16    (8)   18 :  0.133 0.108 0.203 0.026 0.085 0.186 0.259 
420 CAGUSR17    (0)   18 :  0.020 0.043 0.856 0.030 0.012 0.015 0.025 
421 CAGUSR18    (0)   18 :  0.159 0.058 0.358 0.018 0.121 0.155 0.131 
422 CAGUSR19    (8)   18 :  0.107 0.015 0.656 0.063 0.006 0.093 0.061 
423 CAGUSR20    (0)   18 :  0.168 0.013 0.691 0.057 0.038 0.014 0.019 
424 CAGUSR21    (0)   18 :  0.031 0.029 0.657 0.192 0.044 0.026 0.022 
425 CAGUSR22    (0)   18 :  0.019 0.018 0.857 0.011 0.068 0.013 0.014 
426 CAGUSR23    (0)   18 :  0.428 0.073 0.049 0.029 0.036 0.090 0.294 
427 CAGUSR24    (0)   18 :  0.372 0.084 0.106 0.117 0.035 0.036 0.251 
428 CAGUSR25    (8)   18 :  0.036 0.082 0.451 0.024 0.026 0.023 0.357 
429 CAGUSR26    (0)   18 :  0.027 0.011 0.416 0.061 0.006 0.302 0.177 
430 CAGUSR27    (0)   18 :  0.025 0.025 0.708 0.058 0.007 0.016 0.162 
431 CAGUSR28    (0)   18 :  0.014 0.016 0.924 0.010 0.015 0.008 0.013 
432 CAGUSR29    (0)   18 :  0.222 0.014 0.471 0.006 0.015 0.051 0.222 
433 CAGUSR30    (8)   18 :  0.121 0.016 0.138 0.007 0.051 0.635 0.032 
434 CAGUSR31    (0)   18 :  0.035 0.031 0.707 0.105 0.012 0.068 0.042 
435 CAGUSR32    (0)   18 :  0.009 0.007 0.940 0.005 0.009 0.015 0.013 
436 CAGUDCR1    (0)   19 :  0.008 0.010 0.943 0.007 0.012 0.010 0.011 
437 CAGUDCR2    (8)   19 :  0.133 0.042 0.574 0.020 0.021 0.137 0.073 
438 CAGUDCR3    (0)   19 :  0.023 0.032 0.856 0.016 0.028 0.021 0.024 
439 CAGUDCR4    (0)   19 :  0.006 0.006 0.968 0.005 0.004 0.005 0.006 
440 CAGUDCR5    (8)   19 :  0.011 0.012 0.942 0.009 0.010 0.007 0.010 
441 CAGUDCR6    (0)   19 :  0.008 0.005 0.960 0.004 0.004 0.012 0.007 
442 CAGUDCR7    (0)   19 :  0.006 0.006 0.952 0.005 0.005 0.019 0.007 
443 CAGUDCR8    (0)   19 :  0.027 0.025 0.779 0.074 0.019 0.044 0.032 
444 CAGUDCR9   (16)   19 :  0.005 0.005 0.967 0.004 0.004 0.009 0.006 
445 CAGUDCR10    (0)   19 :  0.005 0.006 0.798 0.005 0.175 0.005 0.006 
446 CAGUDCR11    (0)   19 :  0.027 0.024 0.888 0.010 0.019 0.013 0.018 
447 CAGUDCR12    (0)   19 :  0.014 0.008 0.852 0.007 0.005 0.101 0.013 
448 CAGUDCR13    (0)   19 :  0.011 0.013 0.882 0.020 0.012 0.049 0.013 
449 CAGUDCR15    (0)   19 :  0.005 0.007 0.961 0.006 0.006 0.007 0.007 
450 CAGUDCR16    (0)   19 :  0.012 0.010 0.759 0.009 0.035 0.164 0.011 
451 CAGUDCR17    (0)   19 :  0.020 0.006 0.950 0.004 0.007 0.007 0.007 
452 CAGUDCR18    (0)   19 :  0.036 0.012 0.884 0.006 0.006 0.033 0.022 
453 CAGUDCR19    (0)   19 :  0.106 0.040 0.715 0.030 0.012 0.009 0.087 
454 CAGUDCR20    (0)   19 :  0.012 0.006 0.953 0.004 0.007 0.011 0.007 
455 CAGUDCR21    (8)   19 :  0.016 0.025 0.871 0.009 0.020 0.046 0.013 
456 CAGUDCR22   (16)   19 :  0.025 0.017 0.904 0.012 0.007 0.011 0.023 
457 CAGUDCR23    (8)   19 :  0.007 0.008 0.950 0.008 0.004 0.012 0.010 
458 CAGUDCR24    (0)   19 :  0.006 0.005 0.968 0.004 0.005 0.006 0.006 
459 CAGUDCR25    (0)   19 :  0.005 0.005 0.964 0.008 0.004 0.008 0.006 
460 CAGUDCR26    (8)   19 :  0.012 0.020 0.902 0.013 0.032 0.007 0.014 
461 CAGUDCR27    (8)   19 :  0.034 0.023 0.746 0.008 0.012 0.014 0.164 
462 CAGUDCR28    (8)   19 :  0.007 0.007 0.961 0.005 0.005 0.007 0.007 
463 CAGUDCR29    (0)   19 :  0.006 0.007 0.959 0.007 0.007 0.005 0.008 
464 CAGUDCR30    (0)   19 :  0.005 0.005 0.960 0.004 0.004 0.016 0.006 
465 CAGUDCR31    (0)   19 :  0.004 0.004 0.975 0.004 0.004 0.005 0.004 
466 CAGUDCR32   (16)   19 :  0.006 0.005 0.963 0.004 0.004 0.011 0.007 
467 CAGUSCR1    (8)   20 :  0.041 0.013 0.876 0.006 0.004 0.039 0.021 
468 CAGUSCR2    (8)   20 :  0.009 0.015 0.821 0.014 0.014 0.116 0.011 
469 CAGUSCR3    (0)   20 :  0.006 0.006 0.967 0.004 0.005 0.006 0.006 
470 CAGUSCR4    (8)   20 :  0.121 0.014 0.817 0.008 0.006 0.014 0.021 
471 CAGUSCR5    (0)   20 :  0.015 0.010 0.549 0.326 0.005 0.071 0.023 
472 CAGUSCR6    (0)   20 :  0.009 0.008 0.939 0.021 0.005 0.010 0.009 
473 CAGUSCR7    (8)   20 :  0.012 0.008 0.888 0.020 0.013 0.046 0.012 
474 CAGUSCR8   (25)   20 :  0.012 0.011 0.654 0.009 0.013 0.277 0.025 
475 CAGUSCR9    (8)   20 :  0.004 0.004 0.966 0.008 0.004 0.007 0.005 
476 CAGUSCR10    (8)   20 :  0.005 0.004 0.972 0.003 0.005 0.007 0.005 
477 CAGUSCR11   (25)   20 :  0.027 0.028 0.733 0.012 0.031 0.136 0.033 
478 CAGUSCR12    (0)   20 :  0.097 0.035 0.692 0.008 0.009 0.118 0.040 
479 CAGUSCR13    (0)   20 :  0.021 0.012 0.879 0.010 0.006 0.054 0.018 
480 CAGUSCR14    (0)   20 :  0.008 0.004 0.961 0.003 0.006 0.012 0.006 
481 CAGUSCR15    (0)   20 :  0.083 0.054 0.227 0.016 0.011 0.556 0.052 
482 CAGUSCR16    (0)   20 :  0.009 0.008 0.946 0.008 0.012 0.008 0.009 
483 CAGUSCR17    (8)   20 :  0.008 0.006 0.952 0.006 0.005 0.014 0.008 
484 CAGUSCR18    (0)   20 :  0.005 0.004 0.970 0.003 0.005 0.007 0.005 
485 CAGUSCR19   (25)   20 :  0.016 0.012 0.149 0.041 0.009 0.750 0.023 
486 CAGUSCR20   (25)   20 :  0.013 0.007 0.938 0.005 0.013 0.014 0.010 
487 CAGUSCR21    (0)   20 :  0.020 0.016 0.196 0.199 0.028 0.520 0.022 
488 CAGUSCR22   (16)   20 :  0.009 0.010 0.882 0.056 0.013 0.018 0.011 
489 CAGUSCR23    (0)   20 :  0.008 0.009 0.951 0.005 0.006 0.010 0.010 
490 CAGUSCR24    (8)   20 :  0.008 0.007 0.956 0.006 0.006 0.008 0.008 
491 CAGUSCR25   (16)   20 :  0.008 0.006 0.947 0.006 0.007 0.017 0.008 
492 CAGUSCR26    (8)   20 :  0.013 0.009 0.927 0.018 0.005 0.017 0.011 
493 CAGUSCR27    (8)   20 :  0.013 0.018 0.802 0.067 0.047 0.027 0.026 
494 CAGUSCR28    (0)   20 :  0.006 0.006 0.965 0.005 0.006 0.006 0.006 
495 CAGUSCR29    (8)   20 :  0.022 0.007 0.935 0.004 0.006 0.011 0.015 
496 CAGUSCR30   (16)   20 :  0.006 0.004 0.967 0.005 0.004 0.007 0.006 
497  CAGURC2    (8)   21 :  0.103 0.046 0.581 0.038 0.147 0.024 0.062 
498  CAGURC3    (8)   21 :  0.039 0.007 0.424 0.011 0.018 0.388 0.113 
499  CAGURC4    (0)   21 :  0.064 0.014 0.527 0.263 0.024 0.089 0.020 
500  CAGURC6    (0)   21 :  0.013 0.016 0.183 0.016 0.006 0.745 0.022 
501  CAGURC7    (0)   21 :  0.015 0.009 0.039 0.013 0.105 0.808 0.011 
502 CAGURC10    (0)   21 :  0.024 0.035 0.237 0.091 0.020 0.506 0.088 
503 CAGURC11    (0)   21 :  0.305 0.034 0.010 0.034 0.114 0.075 0.428 
504 CAGURC13   (25)   21 :  0.011 0.016 0.033 0.024 0.009 0.892 0.015 
505 CAGURC19    (0)   21 :  0.340 0.012 0.038 0.006 0.013 0.567 0.024 
506 CAGURC20    (8)   21 :  0.233 0.056 0.542 0.021 0.071 0.017 0.061 
