

----------------------------------------------------
STRUCTURE by Pritchard, Stephens and Donnelly (2000)
     and Falush, Stephens and Pritchard (2003)
       Code by Pritchard, Falush and Hubisz
             Version 2.3.4 (Jul 2012)
----------------------------------------------------



Command line arguments:   bin/structure -m "/Users/Calochortus/Desktop/CAGU_Struct_NoBJ/CAGU_NoBJ/100/mainparams" -e "/Users/Calochortus/Desktop/CAGU_Struct_NoBJ/CAGU_NoBJ/100/extraparams" 
Input File:    /Users/Calochortus/Desktop/CAGU_Struct_NoBJ/CAGU_NoBJ/project_data

Run parameters:
   604 individuals
   12 loci
   7 populations assumed
   100000 Burn-in period
   100000 Reps


--------------------------------------------
Proportion of membership of each pre-defined
 population in each of the 7 clusters

Given    Inferred Clusters                                   Number of
 Pop       1      2      3      4      5      6      7      Individuals

  1:     0.919  0.015  0.014  0.015  0.016  0.007  0.015       32
  2:     0.024  0.045  0.011  0.033  0.840  0.014  0.033       31
  3:     0.060  0.050  0.020  0.058  0.654  0.022  0.136       33
  4:     0.018  0.050  0.012  0.025  0.839  0.007  0.050       28
  5:     0.109  0.089  0.014  0.081  0.620  0.022  0.064       24
  6:     0.046  0.031  0.071  0.021  0.696  0.034  0.102       11
  7:     0.083  0.561  0.019  0.104  0.085  0.019  0.129       28
  8:     0.196  0.403  0.030  0.213  0.086  0.015  0.056       20
 10:     0.011  0.406  0.025  0.198  0.026  0.017  0.317       13
 11:     0.040  0.351  0.029  0.279  0.105  0.042  0.155       28
 12:     0.023  0.150  0.030  0.444  0.082  0.015  0.256       30
 13:     0.034  0.247  0.032  0.378  0.094  0.016  0.199       27
 14:     0.023  0.340  0.042  0.275  0.043  0.044  0.233       32
 15:     0.017  0.197  0.078  0.385  0.050  0.019  0.254       32
 16:     0.067  0.016  0.089  0.111  0.024  0.237  0.456        2
 17:     0.023  0.096  0.074  0.171  0.043  0.360  0.233       32
 18:     0.031  0.039  0.074  0.088  0.040  0.607  0.122       32
 19:     0.016  0.013  0.025  0.018  0.011  0.894  0.025       31
 20:     0.010  0.012  0.095  0.019  0.029  0.814  0.022       30
 21:     0.060  0.026  0.420  0.094  0.058  0.229  0.113       13
 22:     0.020  0.022  0.692  0.070  0.035  0.104  0.057       31
 23:     0.033  0.030  0.638  0.061  0.022  0.130  0.086       30
 24:     0.024  0.055  0.688  0.046  0.025  0.021  0.142       34
--------------------------------------------

Allele-freq. divergence among pops (Net nucleotide distance),
computed using point estimates of P.

      1       2       3       4       5       6       7      
 1      -    0.1617  0.2338  0.1614  0.1551  0.3359  0.1405  
 2   0.1617     -    0.1608  0.0367  0.1062  0.2546  0.0332  
 3   0.2338  0.1608     -    0.1077  0.2351  0.1110  0.0927  
 4   0.1614  0.0367  0.1077     -    0.1269  0.1981  0.0278  
 5   0.1551  0.1062  0.2351  0.1269     -    0.3498  0.0963  
 6   0.3359  0.2546  0.1110  0.1981  0.3498     -    0.1709  
 7   0.1405  0.0332  0.0927  0.0278  0.0963  0.1709     -    

Average distances (expected heterozygosity) between individuals in same cluster:
cluster  1  : 0.3408 
cluster  2  : 0.4728 
cluster  3  : 0.6313 
cluster  4  : 0.5511 
cluster  5  : 0.3654 
cluster  6  : 0.4306 
cluster  7  : 0.5950 

--------------------------------------------
Estimated Ln Prob of Data   = -14021.3
Mean value of ln likelihood = -13445.5
Variance of ln likelihood   = 1151.6
Mean value of alpha         = 0.0557

Mean value of Fst_1         = 0.4915
Mean value of Fst_2         = 0.1879
Mean value of Fst_3         = 0.1254
Mean value of Fst_4         = 0.1039
Mean value of Fst_5         = 0.4311
Mean value of Fst_6         = 0.3215
Mean value of Fst_7         = 0.0780


Inferred ancestry of individuals:
        Label (%Miss) Pop:  Inferred clusters
  1 CAGUABR1    (8)    1 :  0.949 0.009 0.006 0.007 0.015 0.007 0.007 
  2 CAGUABR2    (0)    1 :  0.731 0.050 0.018 0.094 0.020 0.011 0.076 
  3 CAGUABR3    (8)    1 :  0.960 0.009 0.005 0.006 0.009 0.005 0.007 
  4 CAGUABR4    (8)    1 :  0.961 0.007 0.005 0.007 0.008 0.004 0.007 
  5 CAGUABR5    (8)    1 :  0.923 0.013 0.007 0.011 0.022 0.009 0.016 
  6 CAGUABR6    (8)    1 :  0.927 0.019 0.007 0.015 0.014 0.006 0.012 
  7 CAGUABR7    (0)    1 :  0.970 0.005 0.003 0.005 0.008 0.003 0.005 
  8 CAGUABR8    (0)    1 :  0.933 0.016 0.009 0.015 0.007 0.007 0.013 
  9 CAGUABR9    (0)    1 :  0.956 0.006 0.005 0.010 0.008 0.008 0.007 
 10 CAGUABR10    (0)    1 :  0.906 0.020 0.007 0.019 0.027 0.006 0.015 
 11 CAGUABR11    (8)    1 :  0.945 0.010 0.006 0.009 0.017 0.005 0.008 
 12 CAGUABR12    (8)    1 :  0.745 0.041 0.032 0.022 0.063 0.018 0.080 
 13 CAGUABR13    (0)    1 :  0.949 0.010 0.004 0.006 0.019 0.005 0.007 
 14 CAGUABR14    (8)    1 :  0.899 0.014 0.009 0.013 0.034 0.013 0.018 
 15 CAGUABR15    (8)    1 :  0.964 0.006 0.005 0.005 0.007 0.006 0.006 
 16 CAGUABR16   (16)    1 :  0.764 0.012 0.177 0.012 0.010 0.007 0.018 
 17 CAGUABR17    (0)    1 :  0.902 0.013 0.005 0.027 0.031 0.008 0.015 
 18 CAGUABR18    (8)    1 :  0.927 0.009 0.005 0.008 0.036 0.005 0.009 
 19 CAGUABR19    (8)    1 :  0.950 0.011 0.004 0.007 0.007 0.004 0.016 
 20 CAGUABR20    (0)    1 :  0.966 0.006 0.005 0.005 0.007 0.005 0.006 
 21 CAGUABR21    (0)    1 :  0.907 0.032 0.006 0.009 0.029 0.006 0.011 
 22 CAGUABR22    (8)    1 :  0.959 0.007 0.006 0.008 0.009 0.005 0.006 
 23 CAGUABR23    (8)    1 :  0.935 0.007 0.012 0.009 0.012 0.015 0.010 
 24 CAGUABR24    (8)    1 :  0.858 0.027 0.013 0.054 0.014 0.015 0.020 
 25 CAGUABR25    (8)    1 :  0.970 0.005 0.004 0.005 0.008 0.004 0.005 
 26 CAGUABR26    (8)    1 :  0.967 0.006 0.005 0.006 0.006 0.004 0.006 
 27 CAGUABR27    (8)    1 :  0.877 0.051 0.020 0.022 0.013 0.005 0.012 
 28 CAGUABR28    (0)    1 :  0.970 0.006 0.003 0.005 0.009 0.003 0.005 
 29 CAGUABR29    (0)    1 :  0.963 0.007 0.005 0.006 0.009 0.004 0.006 
 30 CAGUABR30    (8)    1 :  0.897 0.032 0.005 0.013 0.010 0.005 0.039 
 31 CAGUABR31    (0)    1 :  0.968 0.006 0.004 0.006 0.006 0.004 0.006 
 32 CAGUABR32    (8)    1 :  0.896 0.015 0.035 0.017 0.007 0.008 0.022 
 33  CAGUAD1    (0)    2 :  0.061 0.030 0.022 0.023 0.808 0.022 0.035 
 34  CAGUAD2    (0)    2 :  0.029 0.255 0.009 0.067 0.567 0.008 0.067 
 35  CAGUAD3    (0)    2 :  0.024 0.092 0.009 0.099 0.689 0.010 0.076 
 36  CAGUAD4   (25)    2 :  0.070 0.014 0.006 0.009 0.888 0.004 0.008 
 37  CAGUAD5    (8)    2 :  0.043 0.014 0.007 0.024 0.883 0.004 0.024 
 38  CAGUAD6    (0)    2 :  0.009 0.035 0.005 0.012 0.923 0.004 0.011 
 39  CAGUAD7    (0)    2 :  0.008 0.008 0.004 0.006 0.965 0.004 0.006 
 40  CAGUAD8    (8)    2 :  0.012 0.012 0.004 0.006 0.954 0.004 0.007 
 41  CAGUAD9    (0)    2 :  0.011 0.013 0.007 0.012 0.937 0.008 0.012 
 42 CAGUAD10   (25)    2 :  0.017 0.032 0.006 0.016 0.902 0.006 0.020 
 43 CAGUAD11    (0)    2 :  0.008 0.014 0.006 0.012 0.945 0.005 0.009 
 44 CAGUAD12    (0)    2 :  0.157 0.035 0.008 0.019 0.746 0.010 0.026 
 45 CAGUAD13    (0)    2 :  0.082 0.010 0.009 0.012 0.868 0.007 0.012 
 46 CAGUAD14    (0)    2 :  0.013 0.017 0.005 0.008 0.941 0.004 0.011 
 47 CAGUAD15    (0)    2 :  0.007 0.014 0.005 0.009 0.949 0.005 0.011 
 48 CAGUAD16    (0)    2 :  0.008 0.007 0.004 0.005 0.969 0.003 0.005 
 49 CAGUAD17    (0)    2 :  0.005 0.034 0.008 0.018 0.908 0.007 0.021 
 50 CAGUAD18    (0)    2 :  0.017 0.036 0.023 0.249 0.597 0.016 0.063 
 51 CAGUAD19    (0)    2 :  0.028 0.080 0.014 0.129 0.680 0.006 0.063 
 52 CAGUAD20    (0)    2 :  0.024 0.088 0.006 0.021 0.842 0.005 0.016 
 53 CAGUAD21    (0)    2 :  0.014 0.019 0.035 0.040 0.835 0.035 0.022 
 54 CAGUAD22    (0)    2 :  0.010 0.009 0.011 0.008 0.942 0.009 0.011 
 55 CAGUAD23    (0)    2 :  0.010 0.011 0.006 0.008 0.944 0.008 0.013 
 56 CAGUAD24    (0)    2 :  0.007 0.008 0.014 0.008 0.862 0.068 0.032 
 57 CAGUAD25    (0)    2 :  0.010 0.040 0.018 0.037 0.590 0.006 0.299 
 58 CAGUAD26   (16)    2 :  0.008 0.014 0.006 0.008 0.947 0.005 0.012 
 59 CAGUAD27    (0)    2 :  0.006 0.023 0.043 0.061 0.758 0.087 0.022 
 60 CAGUAD28    (0)    2 :  0.028 0.061 0.018 0.010 0.857 0.005 0.020 
 61 CAGUAD29    (0)    2 :  0.006 0.245 0.015 0.026 0.615 0.043 0.051 
 62 CAGUAD30    (0)    2 :  0.020 0.092 0.013 0.026 0.815 0.009 0.026 
 63 CAGUAD32    (0)    2 :  0.006 0.033 0.010 0.028 0.900 0.005 0.018 
 64  CAGUBH1    (0)    3 :  0.017 0.040 0.012 0.021 0.767 0.018 0.125 
 65  CAGUBH2    (0)    3 :  0.006 0.012 0.004 0.007 0.956 0.004 0.010 
 66  CAGUBH3   (25)    3 :  0.017 0.047 0.011 0.025 0.812 0.012 0.076 
 67  CAGUBH4    (0)    3 :  0.040 0.008 0.007 0.007 0.921 0.009 0.008 
 68  CAGUBH5    (0)    3 :  0.009 0.033 0.006 0.011 0.901 0.006 0.035 
 69  CAGUBH6    (0)    3 :  0.013 0.010 0.005 0.006 0.954 0.005 0.007 
 70  CAGUBH7    (0)    3 :  0.015 0.023 0.021 0.018 0.871 0.017 0.035 
 71  CAGUBH8   (25)    3 :  0.008 0.022 0.021 0.030 0.797 0.021 0.100 
 72  CAGUBH9    (8)    3 :  0.010 0.029 0.006 0.009 0.911 0.007 0.029 
 73 CAGUBH10    (0)    3 :  0.017 0.022 0.020 0.019 0.865 0.016 0.040 
 74 CAGUBH11    (8)    3 :  0.012 0.010 0.017 0.018 0.867 0.025 0.051 
 75 CAGUBH12   (25)    3 :  0.011 0.015 0.011 0.009 0.921 0.013 0.020 
 76 CAGUBH13   (33)    3 :  0.178 0.042 0.015 0.088 0.631 0.010 0.035 
 77 CAGUBH14   (16)    3 :  0.012 0.025 0.011 0.820 0.072 0.017 0.044 
 78 CAGUBH15    (0)    3 :  0.005 0.047 0.005 0.010 0.910 0.006 0.018 
 79 CAGUBH16    (0)    3 :  0.015 0.128 0.006 0.018 0.813 0.004 0.015 
 80 CAGUBH18    (8)    3 :  0.215 0.034 0.027 0.012 0.419 0.070 0.223 
 81 CAGUBH19    (8)    3 :  0.008 0.074 0.011 0.013 0.733 0.037 0.124 
 82 CAGUBH20    (8)    3 :  0.016 0.113 0.013 0.024 0.173 0.012 0.650 
 83 CAGUBH21    (8)    3 :  0.335 0.019 0.007 0.010 0.582 0.023 0.025 
 84 CAGUBH22    (0)    3 :  0.248 0.068 0.041 0.244 0.301 0.008 0.091 
 85 CAGUBH23    (0)    3 :  0.008 0.076 0.010 0.035 0.823 0.006 0.042 
 86 CAGUBH25   (25)    3 :  0.012 0.031 0.076 0.025 0.689 0.072 0.095 
 87 CAGUBH26    (0)    3 :  0.047 0.077 0.026 0.131 0.262 0.066 0.392 
 88 CAGUBH27    (0)    3 :  0.010 0.015 0.007 0.009 0.923 0.012 0.024 
 89 CAGUBH28   (25)    3 :  0.011 0.102 0.007 0.031 0.022 0.072 0.755 
 90 CAGUBH29    (0)    3 :  0.007 0.075 0.184 0.015 0.303 0.029 0.386 
 91 CAGUBH30    (0)    3 :  0.015 0.181 0.009 0.048 0.664 0.010 0.073 
 92 CAGUBH31    (0)    3 :  0.010 0.009 0.009 0.011 0.945 0.006 0.011 
 93 CAGUBH32    (0)    3 :  0.049 0.034 0.010 0.013 0.666 0.010 0.218 
 94 CAGUBH34    (0)    3 :  0.007 0.062 0.021 0.060 0.652 0.035 0.163 
 95 CAGUBH36   (33)    3 :  0.590 0.045 0.010 0.111 0.128 0.018 0.098 
 96 CAGUBH37    (8)    3 :  0.013 0.119 0.024 0.015 0.314 0.060 0.454 
 97 CAGUMSR1    (0)    4 :  0.007 0.017 0.006 0.013 0.938 0.007 0.012 
 98 CAGUMSR2    (0)    4 :  0.010 0.015 0.008 0.078 0.869 0.005 0.015 
 99 CAGUMSR3    (0)    4 :  0.006 0.013 0.005 0.019 0.936 0.004 0.017 
100 CAGUMSR4    (0)    4 :  0.010 0.012 0.004 0.007 0.958 0.003 0.007 
101 CAGUMSR5    (0)    4 :  0.009 0.011 0.006 0.007 0.947 0.010 0.011 
102 CAGUMSR6    (0)    4 :  0.020 0.041 0.005 0.019 0.895 0.004 0.016 
103 CAGUMSR7    (0)    4 :  0.007 0.012 0.013 0.032 0.910 0.008 0.018 
104 CAGUMSR8    (0)    4 :  0.006 0.012 0.004 0.008 0.958 0.003 0.008 
105 CAGUMSR9    (0)    4 :  0.013 0.027 0.008 0.047 0.860 0.011 0.034 
106 CAGUMSR10    (0)    4 :  0.007 0.011 0.005 0.009 0.949 0.008 0.012 
107 CAGUMSR11    (0)    4 :  0.009 0.039 0.008 0.022 0.861 0.012 0.049 
108 CAGUMSR12    (0)    4 :  0.023 0.011 0.005 0.010 0.939 0.004 0.008 
109 CAGUMSR13    (0)    4 :  0.020 0.011 0.004 0.008 0.945 0.004 0.008 
110 CAGUMSR14    (8)    4 :  0.006 0.013 0.136 0.071 0.684 0.027 0.061 
111 CAGUMSR15    (0)    4 :  0.022 0.007 0.005 0.007 0.949 0.004 0.007 
112 CAGUMSR16    (0)    4 :  0.069 0.083 0.016 0.019 0.753 0.006 0.055 
113 CAGUMSR18    (0)    4 :  0.065 0.019 0.005 0.027 0.855 0.013 0.016 
114 CAGUMSR19    (0)    4 :  0.022 0.014 0.006 0.010 0.929 0.006 0.012 
115 CAGUMSR20    (0)    4 :  0.007 0.010 0.004 0.011 0.955 0.004 0.009 
116 CAGUMSR21    (0)    4 :  0.018 0.035 0.011 0.025 0.843 0.010 0.059 
117 CAGUMSR22    (0)    4 :  0.007 0.014 0.005 0.010 0.951 0.004 0.010 
118 CAGUMSR23    (0)    4 :  0.017 0.010 0.006 0.009 0.945 0.004 0.009 
119 CAGUMSR24    (0)    4 :  0.007 0.009 0.004 0.006 0.964 0.004 0.007 
120 CAGUMSR25    (8)    4 :  0.064 0.016 0.006 0.012 0.882 0.006 0.013 
121 CAGUMSR26    (0)    4 :  0.011 0.381 0.024 0.090 0.355 0.008 0.132 
122 CAGUMSR28    (0)    4 :  0.008 0.018 0.006 0.066 0.885 0.005 0.014 
123 CAGUMSR29   (16)    4 :  0.025 0.476 0.010 0.019 0.438 0.008 0.024 
124 CAGUMSR30    (0)    4 :  0.004 0.057 0.010 0.028 0.129 0.008 0.764 
125 CAGURAT6    (0)    5 :  0.183 0.010 0.014 0.011 0.748 0.019 0.014 
126 CAGURAT8   (16)    5 :  0.034 0.208 0.016 0.036 0.644 0.010 0.052 
127 CAGURAT10    (8)    5 :  0.013 0.026 0.005 0.010 0.928 0.005 0.014 
128 CAGURAT11    (0)    5 :  0.042 0.137 0.025 0.026 0.641 0.029 0.101 
129 CAGURAT12   (25)    5 :  0.303 0.212 0.014 0.050 0.224 0.077 0.120 
130 CAGURAT14   (25)    5 :  0.034 0.037 0.039 0.701 0.075 0.013 0.102 
131 CAGURAT15   (25)    5 :  0.057 0.021 0.008 0.024 0.821 0.039 0.029 
132 CAGURAT16   (16)    5 :  0.053 0.050 0.024 0.023 0.783 0.014 0.054 
133 CAGURAT17    (0)    5 :  0.395 0.110 0.011 0.013 0.414 0.017 0.040 
134 CAGURAT18   (41)    5 :  0.067 0.069 0.009 0.727 0.050 0.008 0.070 
135 CAGURAT19    (8)    5 :  0.009 0.020 0.017 0.013 0.897 0.022 0.021 
136 CAGURAT20   (16)    5 :  0.252 0.025 0.018 0.010 0.633 0.041 0.021 
137 CAGURAT21    (8)    5 :  0.005 0.008 0.014 0.012 0.868 0.062 0.030 
138 CAGURAT22    (8)    5 :  0.018 0.046 0.007 0.032 0.851 0.007 0.041 
139 CAGURAT23    (0)    5 :  0.020 0.033 0.006 0.016 0.900 0.005 0.020 
140 CAGURAT25    (0)    5 :  0.014 0.064 0.006 0.020 0.872 0.004 0.019 
141 CAGURAT29    (0)    5 :  0.013 0.616 0.011 0.027 0.243 0.006 0.085 
142 CAGURAT30    (0)    5 :  0.641 0.008 0.019 0.007 0.295 0.019 0.012 
143 CAGURAT31    (0)    5 :  0.007 0.147 0.008 0.014 0.769 0.006 0.048 
144 CAGURAT32    (8)    5 :  0.372 0.045 0.016 0.063 0.450 0.013 0.040 
145 CAGURAT33   (25)    5 :  0.015 0.013 0.008 0.014 0.934 0.006 0.011 
146 CAGURAT34    (0)    5 :  0.009 0.022 0.005 0.016 0.915 0.007 0.026 
147 CAGURAT35    (0)    5 :  0.008 0.164 0.011 0.016 0.454 0.099 0.247 
148 CAGURAT36    (0)    5 :  0.061 0.055 0.019 0.059 0.479 0.013 0.314 
149  CAGUWP1    (8)    6 :  0.010 0.012 0.008 0.014 0.929 0.011 0.017 
150  CAGUWP7    (8)    6 :  0.077 0.038 0.011 0.021 0.810 0.008 0.034 
151  CAGUWP9   (33)    6 :  0.011 0.011 0.009 0.007 0.940 0.014 0.010 
152 CAGUWP11   (16)    6 :  0.012 0.087 0.007 0.022 0.804 0.008 0.061 
153 CAGUWP14   (16)    6 :  0.024 0.015 0.033 0.022 0.665 0.014 0.228 
154 CAGUWP17   (16)    6 :  0.013 0.054 0.037 0.039 0.240 0.127 0.490 
155 CAGUWP18   (16)    6 :  0.025 0.052 0.009 0.018 0.822 0.029 0.046 
156 CAGUWP19    (8)    6 :  0.172 0.020 0.458 0.018 0.260 0.022 0.050 
157 CAGUWP20    (8)    6 :  0.007 0.008 0.006 0.008 0.954 0.009 0.009 
158 CAGUWP21   (16)    6 :  0.043 0.024 0.181 0.049 0.530 0.029 0.143 
159 CAGUWP22    (8)    6 :  0.114 0.016 0.027 0.011 0.704 0.099 0.029 
160  CAGUSD1   (25)    7 :  0.063 0.848 0.007 0.021 0.017 0.013 0.031 
161  CAGUSD3   (33)    7 :  0.186 0.289 0.040 0.237 0.027 0.059 0.162 
162  CAGUSD4    (0)    7 :  0.230 0.584 0.010 0.042 0.064 0.013 0.056 
163  CAGUSD5   (25)    7 :  0.010 0.878 0.009 0.037 0.016 0.008 0.043 
164  CAGUSD7    (8)    7 :  0.013 0.512 0.008 0.024 0.247 0.019 0.177 
165  CAGUSD8    (8)    7 :  0.029 0.471 0.009 0.266 0.077 0.011 0.138 
166  CAGUSD9    (8)    7 :  0.010 0.384 0.010 0.033 0.013 0.011 0.539 
167 CAGUSD11   (16)    7 :  0.173 0.135 0.039 0.028 0.259 0.011 0.354 
168 CAGUSD12   (16)    7 :  0.030 0.137 0.015 0.325 0.034 0.013 0.446 
169 CAGUSD14    (0)    7 :  0.012 0.761 0.010 0.017 0.025 0.005 0.170 
170 CAGUSD15    (8)    7 :  0.013 0.900 0.006 0.028 0.013 0.020 0.020 
171 CAGUSD16    (8)    7 :  0.511 0.256 0.008 0.106 0.046 0.028 0.045 
172 CAGUSD17   (16)    7 :  0.026 0.109 0.040 0.448 0.105 0.018 0.254 
173 CAGUSD18   (16)    7 :  0.025 0.375 0.088 0.095 0.321 0.014 0.083 
174 CAGUSD19    (0)    7 :  0.020 0.894 0.012 0.040 0.014 0.005 0.016 
175 CAGUSD20    (0)    7 :  0.053 0.788 0.019 0.012 0.012 0.082 0.035 
176 CAGUSD21    (0)    7 :  0.023 0.521 0.005 0.018 0.352 0.006 0.076 
177 CAGUSD22    (0)    7 :  0.017 0.345 0.005 0.405 0.110 0.010 0.107 
178 CAGUSD23   (16)    7 :  0.007 0.472 0.074 0.035 0.056 0.017 0.339 
179 CAGUSD25    (8)    7 :  0.548 0.197 0.020 0.025 0.049 0.078 0.084 
180 CAGUSD27    (0)    7 :  0.015 0.926 0.004 0.009 0.031 0.004 0.011 
181 CAGUSD28   (16)    7 :  0.014 0.359 0.010 0.360 0.096 0.012 0.149 
182 CAGUSD29    (8)    7 :  0.022 0.890 0.007 0.029 0.015 0.012 0.025 
183 CAGUSD30    (0)    7 :  0.147 0.666 0.012 0.022 0.039 0.027 0.087 
184 CAGUSD32    (0)    7 :  0.012 0.839 0.019 0.018 0.069 0.010 0.031 
185 CAGUSD33   (16)    7 :  0.009 0.932 0.006 0.012 0.016 0.008 0.016 
186 CAGUSD34    (8)    7 :  0.082 0.533 0.006 0.095 0.239 0.005 0.040 
187 CAGUSD35    (0)    7 :  0.025 0.716 0.029 0.132 0.006 0.015 0.077 
188 CAGURGR1   (16)    8 :  0.252 0.675 0.006 0.016 0.021 0.010 0.021 
189 CAGURGR4    (0)    8 :  0.159 0.114 0.024 0.083 0.427 0.026 0.167 
190 CAGURGR5    (0)    8 :  0.055 0.080 0.005 0.618 0.209 0.004 0.028 
191 CAGURGR6    (8)    8 :  0.328 0.161 0.013 0.357 0.021 0.015 0.105 
192 CAGURGR7    (0)    8 :  0.013 0.873 0.041 0.029 0.008 0.008 0.028 
193 CAGURGR8    (8)    8 :  0.029 0.020 0.006 0.885 0.031 0.005 0.025 
194 CAGURGR9   (16)    8 :  0.054 0.618 0.011 0.190 0.041 0.011 0.075 
195 CAGURGR10    (0)    8 :  0.005 0.900 0.051 0.014 0.008 0.006 0.016 
196 CAGURGR11    (0)    8 :  0.284 0.569 0.005 0.027 0.076 0.004 0.035 
197 CAGURGR12    (0)    8 :  0.653 0.020 0.149 0.095 0.008 0.019 0.054 
198 CAGURGR13    (0)    8 :  0.009 0.596 0.005 0.302 0.043 0.008 0.036 
199 CAGURGR14    (0)    8 :  0.304 0.534 0.014 0.021 0.015 0.013 0.099 
200 CAGURGR15   (25)    8 :  0.010 0.936 0.005 0.013 0.017 0.006 0.012 
201 CAGURGR16   (16)    8 :  0.068 0.139 0.010 0.554 0.160 0.006 0.063 
202 CAGURGR17    (8)    8 :  0.717 0.065 0.008 0.043 0.123 0.016 0.028 
203 CAGURGR19    (0)    8 :  0.018 0.820 0.015 0.103 0.008 0.012 0.024 
204 CAGURGR21    (8)    8 :  0.013 0.224 0.014 0.184 0.302 0.069 0.195 
205 CAGURGR22    (0)    8 :  0.801 0.058 0.021 0.030 0.014 0.042 0.035 
206 CAGURGR23   (16)    8 :  0.008 0.605 0.195 0.014 0.153 0.006 0.019 
207 CAGURGR24    (8)    8 :  0.145 0.049 0.010 0.689 0.035 0.011 0.060 
208  CAGUCM1    (0)   10 :  0.009 0.514 0.020 0.133 0.021 0.051 0.252 
209  CAGUCM2    (0)   10 :  0.006 0.529 0.011 0.130 0.011 0.010 0.304 
210  CAGUCM3    (0)   10 :  0.025 0.047 0.011 0.138 0.016 0.010 0.754 
211  CAGUCM4    (0)   10 :  0.004 0.009 0.023 0.939 0.005 0.007 0.014 
212  CAGUCM5   (33)   10 :  0.009 0.366 0.010 0.041 0.091 0.015 0.467 
213  CAGUCM6    (0)   10 :  0.009 0.042 0.024 0.177 0.014 0.026 0.709 
214  CAGUCM7    (0)   10 :  0.007 0.860 0.007 0.031 0.018 0.004 0.072 
215  CAGUCM8    (0)   10 :  0.013 0.588 0.053 0.032 0.074 0.012 0.228 
216  CAGUCM9    (0)   10 :  0.007 0.319 0.006 0.149 0.038 0.006 0.474 
217 CAGUCM10    (0)   10 :  0.019 0.728 0.015 0.065 0.007 0.006 0.161 
218 CAGUCM11    (0)   10 :  0.017 0.459 0.038 0.186 0.027 0.025 0.248 
219 CAGUCM12    (8)   10 :  0.009 0.388 0.039 0.351 0.012 0.035 0.166 
220 CAGUCM13    (0)   10 :  0.007 0.425 0.068 0.205 0.010 0.009 0.277 
221 CAGULPR1    (0)   11 :  0.016 0.285 0.015 0.051 0.562 0.014 0.057 
222 CAGULPR2    (0)   11 :  0.048 0.031 0.025 0.700 0.021 0.137 0.039 
223 CAGULPR3    (0)   11 :  0.005 0.937 0.006 0.015 0.006 0.004 0.028 
224 CAGULPR4    (0)   11 :  0.009 0.606 0.009 0.036 0.048 0.019 0.272 
225 CAGULPR5    (0)   11 :  0.006 0.127 0.009 0.671 0.024 0.007 0.156 
226 CAGULPR6    (0)   11 :  0.016 0.052 0.019 0.545 0.035 0.141 0.192 
227 CAGULPR7    (0)   11 :  0.006 0.082 0.024 0.508 0.013 0.043 0.324 
228 CAGULPR8    (0)   11 :  0.008 0.934 0.007 0.016 0.014 0.005 0.016 
229 CAGULPR9    (0)   11 :  0.007 0.106 0.010 0.589 0.020 0.007 0.262 
230 CAGULPR10    (0)   11 :  0.490 0.167 0.007 0.091 0.190 0.006 0.049 
231 CAGULPR11    (0)   11 :  0.113 0.428 0.008 0.230 0.126 0.005 0.089 
232 CAGULPR12    (0)   11 :  0.010 0.244 0.042 0.087 0.541 0.005 0.071 
233 CAGULPR13    (0)   11 :  0.039 0.304 0.020 0.015 0.301 0.021 0.302 
234 CAGULPR14    (0)   11 :  0.034 0.502 0.006 0.131 0.047 0.006 0.275 
235 CAGULPR15    (0)   11 :  0.008 0.020 0.007 0.914 0.023 0.007 0.021 
236 CAGULPR16    (0)   11 :  0.183 0.121 0.034 0.052 0.089 0.081 0.440 
237 CAGULPR17    (0)   11 :  0.005 0.115 0.340 0.127 0.033 0.206 0.174 
238 CAGULPR18    (0)   11 :  0.006 0.615 0.009 0.082 0.155 0.009 0.123 
239 CAGULPR19    (0)   11 :  0.006 0.578 0.017 0.169 0.047 0.012 0.171 
240 CAGULPR20    (0)   11 :  0.015 0.548 0.031 0.037 0.303 0.008 0.058 
241 CAGULPR21    (0)   11 :  0.014 0.299 0.051 0.046 0.130 0.251 0.209 
242 CAGULPR22    (0)   11 :  0.006 0.051 0.018 0.726 0.008 0.020 0.171 
243 CAGULPR23    (0)   11 :  0.020 0.605 0.018 0.043 0.016 0.042 0.256 
244 CAGULPR24    (0)   11 :  0.010 0.295 0.027 0.459 0.098 0.014 0.097 
245 CAGULPR25    (0)   11 :  0.007 0.940 0.005 0.013 0.022 0.004 0.009 
246 CAGULPR26    (0)   11 :  0.005 0.013 0.037 0.801 0.005 0.072 0.067 
247 CAGULPR28    (0)   11 :  0.006 0.691 0.007 0.047 0.041 0.005 0.204 
248 CAGULPR29    (8)   11 :  0.008 0.128 0.021 0.599 0.028 0.016 0.201 
249  CAGUPB1    (0)   12 :  0.020 0.258 0.015 0.114 0.448 0.044 0.102 
250  CAGUPB2    (0)   12 :  0.007 0.020 0.009 0.216 0.009 0.008 0.731 
251  CAGUPB3    (0)   12 :  0.063 0.024 0.007 0.852 0.010 0.006 0.039 
252  CAGUPB4    (0)   12 :  0.009 0.044 0.015 0.828 0.010 0.012 0.081 
253  CAGUPB5    (0)   12 :  0.026 0.164 0.018 0.198 0.085 0.012 0.497 
254  CAGUPB6    (0)   12 :  0.040 0.137 0.009 0.077 0.669 0.008 0.060 
255  CAGUPB7    (0)   12 :  0.025 0.072 0.009 0.803 0.025 0.010 0.057 
256  CAGUPB8    (0)   12 :  0.066 0.267 0.007 0.259 0.045 0.007 0.348 
257  CAGUPB9    (0)   12 :  0.015 0.216 0.036 0.099 0.061 0.008 0.565 
258 CAGUPB10    (0)   12 :  0.014 0.036 0.014 0.402 0.008 0.015 0.510 
259 CAGUPB11    (8)   12 :  0.011 0.026 0.009 0.816 0.011 0.007 0.121 
260 CAGUPB12    (0)   12 :  0.009 0.037 0.066 0.233 0.422 0.058 0.175 
261 CAGUPB13    (0)   12 :  0.030 0.008 0.035 0.860 0.018 0.024 0.025 
262 CAGUPB14    (0)   12 :  0.019 0.122 0.222 0.230 0.270 0.005 0.131 
263 CAGUPB15    (0)   12 :  0.008 0.152 0.012 0.745 0.011 0.007 0.064 
264 CAGUPB16    (0)   12 :  0.009 0.159 0.008 0.546 0.008 0.012 0.257 
265 CAGUPB18    (0)   12 :  0.131 0.170 0.009 0.333 0.015 0.011 0.331 
266 CAGUPB19    (0)   12 :  0.015 0.189 0.013 0.215 0.012 0.006 0.549 
267 CAGUPB20    (0)   12 :  0.023 0.103 0.009 0.075 0.047 0.015 0.728 
268 CAGUPB22    (0)   12 :  0.011 0.110 0.014 0.496 0.018 0.018 0.332 
269 CAGUPB23   (16)   12 :  0.009 0.091 0.026 0.720 0.013 0.013 0.128 
270 CAGUPB24    (0)   12 :  0.015 0.040 0.037 0.198 0.070 0.024 0.614 
271 CAGUPB25    (0)   12 :  0.008 0.035 0.016 0.793 0.008 0.027 0.114 
272 CAGUPB26    (0)   12 :  0.009 0.017 0.187 0.684 0.041 0.015 0.047 
273 CAGUPB27    (0)   12 :  0.010 0.093 0.009 0.169 0.015 0.009 0.694 
274 CAGUPB28    (8)   12 :  0.014 0.069 0.007 0.804 0.022 0.010 0.073 
275 CAGUPB29    (0)   12 :  0.029 0.887 0.008 0.016 0.020 0.005 0.035 
276 CAGUPB30    (0)   12 :  0.017 0.766 0.008 0.130 0.019 0.005 0.054 
277 CAGUPB31    (0)   12 :  0.014 0.084 0.066 0.629 0.027 0.035 0.146 
278 CAGUPB32    (0)   12 :  0.018 0.108 0.012 0.769 0.015 0.011 0.067 
279  CAGUMB1    (0)   13 :  0.034 0.117 0.031 0.168 0.149 0.064 0.437 
280  CAGUMB2    (0)   13 :  0.053 0.288 0.032 0.079 0.264 0.035 0.249 
281  CAGUMB3    (0)   13 :  0.018 0.419 0.036 0.401 0.021 0.035 0.071 
282  CAGUMB4    (0)   13 :  0.010 0.170 0.023 0.675 0.011 0.011 0.100 
283  CAGUMB6    (0)   13 :  0.043 0.164 0.006 0.224 0.056 0.015 0.491 
284  CAGUMB8    (0)   13 :  0.334 0.322 0.009 0.092 0.015 0.007 0.221 
285  CAGUMB9    (0)   13 :  0.017 0.041 0.007 0.381 0.025 0.008 0.521 
286 CAGUMB10    (0)   13 :  0.009 0.068 0.059 0.308 0.200 0.011 0.346 
287 CAGUMB11    (0)   13 :  0.021 0.097 0.015 0.219 0.393 0.010 0.243 
288 CAGUMB12    (0)   13 :  0.079 0.093 0.007 0.416 0.269 0.017 0.120 
289 CAGUMB14    (0)   13 :  0.009 0.015 0.078 0.853 0.010 0.009 0.026 
290 CAGUMB15    (0)   13 :  0.008 0.658 0.009 0.074 0.034 0.017 0.199 
291 CAGUMB16    (0)   13 :  0.030 0.580 0.042 0.183 0.012 0.009 0.142 
292 CAGUMB17    (0)   13 :  0.038 0.238 0.025 0.248 0.028 0.042 0.382 
293 CAGUMB18    (0)   13 :  0.009 0.090 0.009 0.825 0.015 0.010 0.042 
294 CAGUMB19    (0)   13 :  0.009 0.861 0.014 0.070 0.016 0.007 0.022 
295 CAGUMB20    (0)   13 :  0.010 0.024 0.028 0.790 0.019 0.006 0.124 
296 CAGUMB21    (0)   13 :  0.006 0.804 0.009 0.052 0.083 0.005 0.041 
297 CAGUMB22    (0)   13 :  0.007 0.036 0.010 0.917 0.010 0.004 0.016 
298 CAGUMB24    (0)   13 :  0.007 0.020 0.157 0.490 0.273 0.004 0.048 
299 CAGUMB25    (0)   13 :  0.012 0.019 0.144 0.078 0.105 0.021 0.621 
300 CAGUMB26    (0)   13 :  0.016 0.362 0.006 0.104 0.262 0.018 0.232 
301 CAGUMB27    (8)   13 :  0.010 0.291 0.009 0.249 0.125 0.021 0.295 
302 CAGUMB28    (0)   13 :  0.010 0.803 0.006 0.020 0.078 0.005 0.077 
303 CAGUMB29    (0)   13 :  0.096 0.025 0.012 0.715 0.050 0.008 0.094 
304 CAGUMB30    (0)   13 :  0.007 0.014 0.069 0.704 0.013 0.021 0.171 
305 CAGUMB31    (0)   13 :  0.019 0.047 0.011 0.876 0.009 0.006 0.031 
306  CAGUFP1    (8)   14 :  0.005 0.484 0.030 0.072 0.008 0.170 0.232 
307  CAGUFP2    (8)   14 :  0.008 0.489 0.022 0.096 0.019 0.010 0.357 
308  CAGUFP3   (25)   14 :  0.009 0.646 0.012 0.039 0.052 0.010 0.232 
309  CAGUFP4    (8)   14 :  0.017 0.467 0.053 0.070 0.022 0.081 0.289 
310  CAGUFP5    (8)   14 :  0.010 0.862 0.009 0.025 0.012 0.011 0.070 
311  CAGUFP6    (0)   14 :  0.012 0.460 0.019 0.050 0.018 0.013 0.427 
312  CAGUFP7    (0)   14 :  0.065 0.275 0.092 0.135 0.116 0.031 0.286 
313  CAGUFP8   (16)   14 :  0.008 0.010 0.017 0.589 0.010 0.336 0.029 
314  CAGUFP9   (16)   14 :  0.007 0.012 0.024 0.808 0.012 0.106 0.031 
315 CAGUFP10    (0)   14 :  0.013 0.025 0.062 0.731 0.015 0.053 0.101 
316 CAGUFP11    (0)   14 :  0.025 0.047 0.009 0.771 0.022 0.043 0.083 
317 CAGUFP12    (0)   14 :  0.021 0.076 0.049 0.501 0.047 0.023 0.285 
318 CAGUFP14    (0)   14 :  0.009 0.416 0.019 0.271 0.022 0.093 0.170 
319 CAGUFP15    (0)   14 :  0.012 0.242 0.009 0.049 0.025 0.005 0.658 
320 CAGUFP16    (0)   14 :  0.023 0.159 0.400 0.045 0.032 0.050 0.290 
321 CAGUFP17    (0)   14 :  0.043 0.066 0.009 0.706 0.046 0.031 0.098 
322 CAGUFP18    (0)   14 :  0.011 0.031 0.013 0.070 0.054 0.050 0.771 
323 CAGUFP19    (0)   14 :  0.017 0.047 0.012 0.063 0.084 0.048 0.730 
324 CAGUFP20   (25)   14 :  0.013 0.735 0.008 0.121 0.023 0.007 0.093 
325 CAGUFP21    (0)   14 :  0.009 0.102 0.013 0.806 0.012 0.005 0.053 
326 CAGUFP22    (8)   14 :  0.013 0.053 0.017 0.046 0.126 0.038 0.707 
327 CAGUFP23    (0)   14 :  0.021 0.162 0.014 0.262 0.114 0.007 0.419 
328 CAGUFP24    (0)   14 :  0.030 0.057 0.009 0.708 0.050 0.013 0.132 
329 CAGUFP25    (0)   14 :  0.009 0.645 0.024 0.107 0.115 0.010 0.090 
330 CAGUFP27    (0)   14 :  0.006 0.038 0.025 0.850 0.009 0.035 0.037 
331 CAGUFP28   (16)   14 :  0.113 0.528 0.009 0.157 0.086 0.005 0.102 
332 CAGUFP29    (0)   14 :  0.018 0.694 0.050 0.042 0.038 0.013 0.145 
333 CAGUFP30    (0)   14 :  0.009 0.920 0.008 0.026 0.016 0.005 0.016 
334 CAGUFP31    (0)   14 :  0.008 0.507 0.100 0.216 0.007 0.075 0.088 
335 CAGUFP32    (8)   14 :  0.011 0.866 0.015 0.027 0.011 0.022 0.047 
336 CAGUFP33    (8)   14 :  0.143 0.267 0.155 0.135 0.029 0.006 0.264 
337 CAGUFP34    (0)   14 :  0.010 0.482 0.027 0.208 0.138 0.009 0.126 
338 CAGUDIX1    (0)   15 :  0.022 0.406 0.121 0.238 0.014 0.033 0.166 
339 CAGUDIX2    (0)   15 :  0.010 0.206 0.034 0.459 0.008 0.014 0.269 
340 CAGUDIX3    (0)   15 :  0.013 0.040 0.067 0.465 0.015 0.076 0.323 
341 CAGUDIX4    (0)   15 :  0.022 0.068 0.100 0.075 0.010 0.047 0.677 
342 CAGUDIX5    (0)   15 :  0.009 0.044 0.185 0.709 0.011 0.008 0.034 
343 CAGUDIX6    (0)   15 :  0.008 0.014 0.019 0.889 0.010 0.013 0.047 
344 CAGUDIX7    (0)   15 :  0.014 0.103 0.009 0.599 0.028 0.009 0.237 
345 CAGUDIX8    (0)   15 :  0.005 0.017 0.032 0.270 0.011 0.013 0.653 
346 CAGUDIX9    (0)   15 :  0.015 0.245 0.008 0.127 0.020 0.011 0.574 
347 CAGUDIX10    (0)   15 :  0.062 0.405 0.009 0.166 0.017 0.005 0.335 
348 CAGUDIX11    (8)   15 :  0.012 0.164 0.014 0.085 0.013 0.024 0.687 
349 CAGUDIX12    (0)   15 :  0.012 0.816 0.030 0.055 0.018 0.012 0.057 
350 CAGUDIX13    (0)   15 :  0.109 0.548 0.074 0.032 0.019 0.023 0.195 
351 CAGUDIX14    (8)   15 :  0.006 0.464 0.427 0.034 0.017 0.008 0.044 
352 CAGUDIX15   (25)   15 :  0.008 0.258 0.010 0.499 0.036 0.010 0.179 
353 CAGUDIX16    (0)   15 :  0.015 0.591 0.030 0.079 0.078 0.007 0.200 
354 CAGUDIX17    (0)   15 :  0.005 0.032 0.015 0.886 0.008 0.012 0.042 
355 CAGUDIX18    (0)   15 :  0.014 0.127 0.041 0.623 0.019 0.037 0.139 
356 CAGUDIX19    (0)   15 :  0.013 0.043 0.008 0.602 0.300 0.006 0.028 
357 CAGUDIX20    (0)   15 :  0.005 0.215 0.140 0.436 0.015 0.016 0.173 
358 CAGUDIX21   (16)   15 :  0.010 0.098 0.014 0.539 0.013 0.009 0.317 
359 CAGUDIX22    (0)   15 :  0.006 0.227 0.017 0.207 0.027 0.037 0.479 
360 CAGUDIX23    (0)   15 :  0.009 0.601 0.156 0.103 0.010 0.015 0.106 
361 CAGUDIX24    (0)   15 :  0.020 0.233 0.009 0.538 0.022 0.005 0.173 
362 CAGUDIX25    (0)   15 :  0.012 0.058 0.398 0.156 0.047 0.014 0.315 
363 CAGUDIX26    (0)   15 :  0.055 0.025 0.031 0.656 0.009 0.043 0.180 
364 CAGUDIX27    (0)   15 :  0.011 0.051 0.205 0.067 0.010 0.026 0.630 
365 CAGUDIX28    (0)   15 :  0.008 0.044 0.015 0.253 0.067 0.008 0.606 
366 CAGUDIX29    (0)   15 :  0.011 0.060 0.017 0.842 0.012 0.008 0.051 
367 CAGUDIX30    (8)   15 :  0.014 0.041 0.021 0.275 0.517 0.010 0.123 
368 CAGUDIX31    (8)   15 :  0.013 0.040 0.168 0.536 0.184 0.006 0.052 
369 CAGUDIX32    (0)   15 :  0.006 0.028 0.057 0.819 0.009 0.046 0.035 
370 CAGUCR1151    (0)   16 :  0.120 0.021 0.094 0.201 0.039 0.231 0.295 
371 CAGUCR1152   (16)   16 :  0.014 0.010 0.084 0.021 0.010 0.244 0.618 
372  CAGUSL1    (8)   17 :  0.053 0.068 0.017 0.028 0.045 0.715 0.074 
373  CAGUSL2    (0)   17 :  0.010 0.048 0.021 0.195 0.011 0.072 0.642 
374  CAGUSL3    (0)   17 :  0.038 0.024 0.015 0.035 0.127 0.415 0.346 
375  CAGUSL4    (0)   17 :  0.007 0.041 0.147 0.050 0.010 0.697 0.048 
376  CAGUSL5    (0)   17 :  0.005 0.151 0.062 0.094 0.028 0.558 0.101 
377  CAGUSL6    (0)   17 :  0.021 0.064 0.038 0.262 0.053 0.448 0.114 
378  CAGUSL7    (0)   17 :  0.037 0.151 0.069 0.054 0.084 0.104 0.502 
379  CAGUSL8    (0)   17 :  0.046 0.035 0.136 0.060 0.028 0.292 0.403 
380  CAGUSL9   (25)   17 :  0.013 0.070 0.017 0.790 0.016 0.033 0.060 
381 CAGUSL10    (8)   17 :  0.010 0.212 0.018 0.021 0.055 0.470 0.214 
382 CAGUSL11   (16)   17 :  0.009 0.050 0.163 0.046 0.016 0.590 0.125 
383 CAGUSL12    (0)   17 :  0.023 0.174 0.019 0.054 0.047 0.418 0.266 
384 CAGUSL13    (0)   17 :  0.015 0.069 0.018 0.047 0.100 0.663 0.087 
385 CAGUSL14    (0)   17 :  0.008 0.085 0.021 0.088 0.036 0.059 0.702 
386 CAGUSL15    (8)   17 :  0.029 0.059 0.035 0.051 0.028 0.349 0.448 
387 CAGUSL16    (0)   17 :  0.036 0.310 0.026 0.077 0.021 0.127 0.404 
388 CAGUSL17    (8)   17 :  0.008 0.011 0.931 0.013 0.005 0.014 0.018 
389 CAGUSL18    (0)   17 :  0.066 0.074 0.022 0.062 0.132 0.576 0.068 
390 CAGUSL19    (0)   17 :  0.097 0.120 0.088 0.331 0.036 0.073 0.256 
391 CAGUSL20    (8)   17 :  0.017 0.060 0.051 0.042 0.022 0.742 0.064 
392 CAGUSL21    (0)   17 :  0.022 0.146 0.033 0.052 0.037 0.602 0.108 
393 CAGUSL22    (0)   17 :  0.032 0.256 0.029 0.110 0.031 0.366 0.176 
394 CAGUSL23    (8)   17 :  0.012 0.031 0.024 0.204 0.012 0.653 0.062 
395 CAGUSL24    (0)   17 :  0.007 0.120 0.043 0.040 0.134 0.049 0.607 
396 CAGUSL25    (8)   17 :  0.038 0.291 0.075 0.106 0.063 0.029 0.397 
397 CAGUSL26    (8)   17 :  0.008 0.058 0.021 0.422 0.017 0.030 0.445 
398 CAGUSL27    (0)   17 :  0.010 0.019 0.009 0.021 0.023 0.902 0.016 
399 CAGUSL28    (0)   17 :  0.011 0.086 0.095 0.185 0.096 0.404 0.122 
400 CAGUSL29    (0)   17 :  0.010 0.078 0.029 0.735 0.013 0.010 0.126 
401 CAGUSL30    (0)   17 :  0.022 0.061 0.026 0.146 0.014 0.548 0.183 
402 CAGUSL31    (0)   17 :  0.009 0.031 0.014 0.292 0.023 0.475 0.156 
403 CAGUSL32    (8)   17 :  0.008 0.013 0.040 0.777 0.006 0.032 0.124 
404  CAGUSR1    (0)   18 :  0.114 0.029 0.011 0.032 0.044 0.729 0.040 
405  CAGUSR2    (8)   18 :  0.030 0.037 0.029 0.029 0.105 0.727 0.043 
406  CAGUSR3    (8)   18 :  0.007 0.009 0.019 0.009 0.010 0.936 0.011 
407  CAGUSR4    (8)   18 :  0.038 0.060 0.040 0.060 0.023 0.710 0.068 
408  CAGUSR5    (0)   18 :  0.018 0.053 0.012 0.050 0.009 0.816 0.041 
409  CAGUSR6    (0)   18 :  0.018 0.220 0.059 0.349 0.048 0.073 0.232 
410  CAGUSR7    (0)   18 :  0.026 0.011 0.040 0.082 0.106 0.714 0.021 
411  CAGUSR8    (8)   18 :  0.006 0.055 0.079 0.096 0.006 0.694 0.063 
412  CAGUSR9    (8)   18 :  0.004 0.007 0.006 0.005 0.010 0.963 0.006 
413 CAGUSR10    (8)   18 :  0.019 0.008 0.017 0.011 0.008 0.924 0.014 
414 CAGUSR11    (0)   18 :  0.011 0.012 0.037 0.146 0.042 0.574 0.178 
415 CAGUSR12    (8)   18 :  0.056 0.011 0.026 0.034 0.005 0.759 0.111 
416 CAGUSR13   (16)   18 :  0.012 0.016 0.051 0.044 0.032 0.817 0.028 
417 CAGUSR14    (0)   18 :  0.037 0.084 0.055 0.078 0.047 0.653 0.045 
418 CAGUSR15    (8)   18 :  0.026 0.038 0.210 0.105 0.018 0.420 0.182 
419 CAGUSR16    (8)   18 :  0.085 0.092 0.191 0.152 0.026 0.187 0.267 
420 CAGUSR17    (0)   18 :  0.011 0.043 0.014 0.019 0.030 0.858 0.025 
421 CAGUSR18    (0)   18 :  0.111 0.054 0.139 0.148 0.016 0.320 0.212 
422 CAGUSR19    (8)   18 :  0.006 0.014 0.101 0.103 0.060 0.663 0.053 
423 CAGUSR20    (0)   18 :  0.039 0.013 0.015 0.143 0.060 0.698 0.032 
424 CAGUSR21    (0)   18 :  0.043 0.024 0.032 0.030 0.190 0.661 0.020 
425 CAGUSR22    (0)   18 :  0.068 0.018 0.013 0.017 0.011 0.858 0.015 
426 CAGUSR23    (0)   18 :  0.037 0.061 0.079 0.265 0.030 0.039 0.489 
427 CAGUSR24    (0)   18 :  0.033 0.073 0.037 0.444 0.119 0.101 0.193 
428 CAGUSR25    (8)   18 :  0.024 0.081 0.022 0.030 0.021 0.419 0.403 
429 CAGUSR26    (0)   18 :  0.005 0.010 0.244 0.019 0.041 0.321 0.360 
430 CAGUSR27    (0)   18 :  0.006 0.026 0.014 0.016 0.050 0.678 0.210 
431 CAGUSR28    (0)   18 :  0.015 0.015 0.009 0.013 0.010 0.924 0.014 
432 CAGUSR29    (0)   18 :  0.015 0.011 0.044 0.123 0.006 0.410 0.392 
433 CAGUSR30    (8)   18 :  0.049 0.014 0.619 0.108 0.007 0.130 0.072 
434 CAGUSR31    (0)   18 :  0.013 0.034 0.084 0.034 0.097 0.700 0.039 
435 CAGUSR32    (0)   18 :  0.009 0.007 0.015 0.009 0.005 0.943 0.013 
436 CAGUDCR1    (0)   19 :  0.012 0.010 0.009 0.007 0.006 0.944 0.012 
437 CAGUDCR2    (8)   19 :  0.017 0.037 0.117 0.112 0.019 0.530 0.168 
438 CAGUDCR3    (0)   19 :  0.026 0.031 0.020 0.022 0.016 0.861 0.024 
439 CAGUDCR4    (0)   19 :  0.004 0.006 0.005 0.005 0.005 0.969 0.006 
440 CAGUDCR5    (8)   19 :  0.009 0.011 0.007 0.010 0.009 0.943 0.010 
441 CAGUDCR6    (0)   19 :  0.004 0.005 0.011 0.007 0.004 0.961 0.007 
442 CAGUDCR7    (0)   19 :  0.005 0.006 0.019 0.006 0.005 0.950 0.009 
443 CAGUDCR8    (0)   19 :  0.017 0.025 0.041 0.025 0.075 0.783 0.035 
444 CAGUDCR9   (16)   19 :  0.004 0.005 0.008 0.005 0.004 0.967 0.007 
445 CAGUDCR10    (0)   19 :  0.175 0.006 0.005 0.005 0.005 0.799 0.006 
446 CAGUDCR11    (0)   19 :  0.018 0.024 0.013 0.026 0.010 0.892 0.017 
447 CAGUDCR12    (0)   19 :  0.005 0.009 0.102 0.012 0.007 0.853 0.013 
448 CAGUDCR13    (0)   19 :  0.011 0.014 0.045 0.011 0.020 0.885 0.014 
449 CAGUDCR15    (0)   19 :  0.005 0.007 0.006 0.005 0.006 0.963 0.007 
450 CAGUDCR16    (0)   19 :  0.032 0.010 0.157 0.010 0.010 0.768 0.013 
451 CAGUDCR17    (0)   19 :  0.006 0.005 0.007 0.017 0.004 0.954 0.007 
452 CAGUDCR18    (0)   19 :  0.006 0.013 0.033 0.032 0.006 0.885 0.025 
453 CAGUDCR19    (0)   19 :  0.013 0.038 0.009 0.111 0.031 0.726 0.072 
454 CAGUDCR20    (0)   19 :  0.007 0.006 0.011 0.011 0.004 0.954 0.007 
455 CAGUDCR21    (8)   19 :  0.021 0.022 0.046 0.014 0.008 0.874 0.014 
456 CAGUDCR22   (16)   19 :  0.007 0.016 0.011 0.028 0.011 0.905 0.022 
457 CAGUDCR23    (8)   19 :  0.004 0.008 0.011 0.007 0.008 0.953 0.009 
458 CAGUDCR24    (0)   19 :  0.005 0.005 0.006 0.006 0.004 0.968 0.006 
459 CAGUDCR25    (0)   19 :  0.003 0.005 0.008 0.004 0.007 0.966 0.006 
460 CAGUDCR26    (8)   19 :  0.030 0.020 0.007 0.012 0.013 0.903 0.014 
461 CAGUDCR27    (8)   19 :  0.011 0.019 0.013 0.020 0.007 0.722 0.208 
462 CAGUDCR28    (8)   19 :  0.005 0.007 0.007 0.007 0.005 0.962 0.007 
463 CAGUDCR29    (0)   19 :  0.007 0.007 0.005 0.006 0.007 0.961 0.007 
464 CAGUDCR30    (0)   19 :  0.004 0.005 0.017 0.005 0.004 0.960 0.006 
465 CAGUDCR31    (0)   19 :  0.004 0.004 0.005 0.004 0.004 0.975 0.004 
466 CAGUDCR32   (16)   19 :  0.004 0.005 0.011 0.006 0.004 0.964 0.007 
467 CAGUSCR1    (8)   20 :  0.004 0.014 0.037 0.038 0.006 0.878 0.024 
468 CAGUSCR2    (8)   20 :  0.013 0.015 0.115 0.008 0.013 0.822 0.013 
469 CAGUSCR3    (0)   20 :  0.005 0.006 0.006 0.005 0.004 0.968 0.006 
470 CAGUSCR4    (8)   20 :  0.005 0.013 0.014 0.102 0.008 0.830 0.027 
471 CAGUSCR5    (0)   20 :  0.006 0.011 0.088 0.014 0.300 0.527 0.054 
472 CAGUSCR6    (0)   20 :  0.004 0.007 0.009 0.008 0.020 0.942 0.009 
473 CAGUSCR7    (8)   20 :  0.013 0.008 0.046 0.012 0.020 0.887 0.015 
474 CAGUSCR8   (25)   20 :  0.012 0.011 0.237 0.012 0.009 0.691 0.026 
475 CAGUSCR9    (8)   20 :  0.004 0.004 0.007 0.004 0.008 0.967 0.005 
476 CAGUSCR10    (8)   20 :  0.005 0.004 0.007 0.005 0.003 0.972 0.005 
477 CAGUSCR11   (25)   20 :  0.027 0.027 0.135 0.024 0.011 0.681 0.094 
478 CAGUSCR12    (0)   20 :  0.009 0.042 0.112 0.078 0.008 0.698 0.053 
479 CAGUSCR13    (0)   20 :  0.006 0.011 0.063 0.019 0.010 0.867 0.024 
480 CAGUSCR14    (0)   20 :  0.005 0.004 0.012 0.007 0.003 0.962 0.006 
481 CAGUSCR15    (0)   20 :  0.011 0.052 0.511 0.080 0.016 0.221 0.109 
482 CAGUSCR16    (0)   20 :  0.012 0.007 0.008 0.008 0.008 0.949 0.009 
483 CAGUSCR17    (8)   20 :  0.005 0.005 0.014 0.008 0.006 0.954 0.008 
484 CAGUSCR18    (0)   20 :  0.004 0.004 0.007 0.005 0.003 0.971 0.006 
485 CAGUSCR19   (25)   20 :  0.009 0.013 0.743 0.015 0.037 0.153 0.030 
486 CAGUSCR20   (25)   20 :  0.012 0.009 0.013 0.013 0.005 0.939 0.010 
487 CAGUSCR21    (0)   20 :  0.027 0.017 0.546 0.024 0.184 0.181 0.021 
488 CAGUSCR22   (16)   20 :  0.013 0.010 0.017 0.009 0.057 0.884 0.011 
489 CAGUSCR23    (0)   20 :  0.006 0.009 0.011 0.008 0.005 0.951 0.011 
490 CAGUSCR24    (8)   20 :  0.006 0.007 0.008 0.007 0.006 0.958 0.008 
491 CAGUSCR25   (16)   20 :  0.008 0.006 0.016 0.007 0.006 0.947 0.010 
492 CAGUSCR26    (8)   20 :  0.005 0.008 0.017 0.012 0.017 0.929 0.012 
493 CAGUSCR27    (8)   20 :  0.042 0.017 0.025 0.013 0.068 0.807 0.028 
494 CAGUSCR28    (0)   20 :  0.006 0.005 0.006 0.006 0.005 0.966 0.006 
495 CAGUSCR29    (8)   20 :  0.006 0.006 0.011 0.020 0.004 0.937 0.015 
496 CAGUSCR30   (16)   20 :  0.004 0.004 0.007 0.006 0.005 0.968 0.006 
497  CAGURC2    (8)   21 :  0.159 0.045 0.022 0.072 0.036 0.587 0.079 
498  CAGURC3    (8)   21 :  0.017 0.008 0.434 0.052 0.009 0.398 0.082 
499  CAGURC4    (0)   21 :  0.023 0.013 0.106 0.059 0.259 0.521 0.019 
500  CAGURC6    (0)   21 :  0.006 0.017 0.736 0.013 0.015 0.187 0.026 
501  CAGURC7    (0)   21 :  0.107 0.009 0.805 0.013 0.012 0.039 0.016 
502 CAGURC10    (0)   21 :  0.019 0.034 0.473 0.024 0.091 0.235 0.124 
503 CAGURC11    (0)   21 :  0.123 0.028 0.069 0.141 0.031 0.009 0.599 
504 CAGURC13   (25)   21 :  0.009 0.015 0.895 0.011 0.024 0.033 0.015 
505 CAGURC19    (0)   21 :  0.013 0.012 0.603 0.261 0.006 0.037 0.068 
506 CAGURC20    (8)   21 :  0.075 0.041 0.016 0.230 0.022 0.547 0.068 
