

----------------------------------------------------
STRUCTURE by Pritchard, Stephens and Donnelly (2000)
     and Falush, Stephens and Pritchard (2003)
       Code by Pritchard, Falush and Hubisz
             Version 2.3.4 (Jul 2012)
----------------------------------------------------



Command line arguments:   bin/structure -m "/Users/Calochortus/Desktop/CAGU_Struct_NoBJ/CAGU_NoBJ/100/mainparams" -e "/Users/Calochortus/Desktop/CAGU_Struct_NoBJ/CAGU_NoBJ/100/extraparams" 
Input File:    /Users/Calochortus/Desktop/CAGU_Struct_NoBJ/CAGU_NoBJ/project_data

Run parameters:
   604 individuals
   12 loci
   7 populations assumed
   100000 Burn-in period
   100000 Reps


--------------------------------------------
Proportion of membership of each pre-defined
 population in each of the 7 clusters

Given    Inferred Clusters                                   Number of
 Pop       1      2      3      4      5      6      7      Individuals

  1:     0.917  0.014  0.007  0.014  0.015  0.016  0.017       32
  2:     0.024  0.032  0.014  0.012  0.046  0.833  0.038       31
  3:     0.060  0.056  0.022  0.022  0.048  0.644  0.148       33
  4:     0.018  0.024  0.007  0.012  0.051  0.835  0.054       28
  5:     0.108  0.080  0.023  0.014  0.087  0.614  0.075       24
  6:     0.045  0.020  0.033  0.075  0.028  0.689  0.110       11
  7:     0.084  0.093  0.019  0.019  0.556  0.081  0.148       28
  8:     0.197  0.203  0.015  0.030  0.400  0.086  0.068       20
 10:     0.011  0.175  0.017  0.026  0.378  0.026  0.367       13
 11:     0.040  0.265  0.043  0.030  0.332  0.103  0.186       28
 12:     0.023  0.417  0.015  0.030  0.142  0.081  0.292       30
 13:     0.035  0.358  0.016  0.033  0.232  0.092  0.233       27
 14:     0.023  0.260  0.044  0.043  0.319  0.040  0.271       32
 15:     0.017  0.390  0.019  0.082  0.195  0.049  0.247       32
 16:     0.075  0.123  0.279  0.120  0.018  0.026  0.359        2
 17:     0.024  0.184  0.372  0.075  0.093  0.044  0.209       32
 18:     0.032  0.095  0.616  0.075  0.039  0.041  0.101       32
 19:     0.016  0.019  0.894  0.026  0.013  0.011  0.021       31
 20:     0.010  0.020  0.814  0.097  0.012  0.030  0.016       30
 21:     0.062  0.109  0.234  0.414  0.026  0.060  0.094       13
 22:     0.020  0.076  0.110  0.683  0.022  0.037  0.052       31
 23:     0.035  0.066  0.138  0.654  0.030  0.024  0.053       30
 24:     0.026  0.048  0.021  0.715  0.055  0.026  0.110       34
--------------------------------------------

Allele-freq. divergence among pops (Net nucleotide distance),
computed using point estimates of P.

      1       2       3       4       5       6       7      
 1      -    0.1625  0.3356  0.2322  0.1612  0.1561  0.1422  
 2   0.1625     -    0.1948  0.1039  0.0391  0.1323  0.0316  
 3   0.3356  0.1948     -    0.1112  0.2561  0.3519  0.1896  
 4   0.2322  0.1039  0.1112     -    0.1593  0.2358  0.1074  
 5   0.1612  0.0391  0.2561  0.1593     -    0.1087  0.0294  
 6   0.1561  0.1323  0.3519  0.2358  0.1087     -    0.0890  
 7   0.1422  0.0316  0.1896  0.1074  0.0294  0.0890     -    

Average distances (expected heterozygosity) between individuals in same cluster:
cluster  1  : 0.3412 
cluster  2  : 0.5545 
cluster  3  : 0.4309 
cluster  4  : 0.6322 
cluster  5  : 0.4726 
cluster  6  : 0.3643 
cluster  7  : 0.5715 

--------------------------------------------
Estimated Ln Prob of Data   = -14051.0
Mean value of ln likelihood = -13442.0
Variance of ln likelihood   = 1217.9
Mean value of alpha         = 0.0571

Mean value of Fst_1         = 0.4900
Mean value of Fst_2         = 0.0981
Mean value of Fst_3         = 0.3213
Mean value of Fst_4         = 0.1238
Mean value of Fst_5         = 0.1908
Mean value of Fst_6         = 0.4298
Mean value of Fst_7         = 0.0914


Inferred ancestry of individuals:
        Label (%Miss) Pop:  Inferred clusters
  1 CAGUABR1    (8)    1 :  0.949 0.007 0.006 0.006 0.008 0.016 0.008 
  2 CAGUABR2    (0)    1 :  0.722 0.079 0.010 0.018 0.047 0.020 0.105 
  3 CAGUABR3    (8)    1 :  0.958 0.006 0.006 0.005 0.009 0.009 0.008 
  4 CAGUABR4    (8)    1 :  0.960 0.007 0.004 0.005 0.008 0.008 0.008 
  5 CAGUABR5    (8)    1 :  0.921 0.012 0.009 0.007 0.013 0.022 0.016 
  6 CAGUABR6    (8)    1 :  0.927 0.014 0.006 0.007 0.018 0.014 0.013 
  7 CAGUABR7    (0)    1 :  0.970 0.005 0.003 0.003 0.006 0.008 0.005 
  8 CAGUABR8    (0)    1 :  0.931 0.015 0.007 0.009 0.016 0.007 0.014 
  9 CAGUABR9    (0)    1 :  0.956 0.010 0.008 0.005 0.006 0.008 0.007 
 10 CAGUABR10    (0)    1 :  0.903 0.019 0.006 0.007 0.022 0.026 0.016 
 11 CAGUABR11    (8)    1 :  0.946 0.010 0.005 0.005 0.011 0.016 0.008 
 12 CAGUABR12    (8)    1 :  0.738 0.022 0.018 0.034 0.046 0.067 0.074 
 13 CAGUABR13    (0)    1 :  0.945 0.006 0.005 0.004 0.012 0.020 0.008 
 14 CAGUABR14    (8)    1 :  0.894 0.014 0.013 0.009 0.015 0.036 0.018 
 15 CAGUABR15    (8)    1 :  0.962 0.005 0.007 0.005 0.007 0.007 0.006 
 16 CAGUABR16   (16)    1 :  0.763 0.012 0.008 0.181 0.012 0.011 0.013 
 17 CAGUABR17    (0)    1 :  0.894 0.031 0.008 0.005 0.014 0.032 0.016 
 18 CAGUABR18    (8)    1 :  0.927 0.007 0.006 0.005 0.009 0.037 0.010 
 19 CAGUABR19    (8)    1 :  0.950 0.007 0.004 0.004 0.011 0.007 0.017 
 20 CAGUABR20    (0)    1 :  0.966 0.005 0.005 0.005 0.006 0.007 0.006 
 21 CAGUABR21    (0)    1 :  0.909 0.010 0.006 0.006 0.029 0.029 0.012 
 22 CAGUABR22    (8)    1 :  0.957 0.008 0.005 0.006 0.008 0.009 0.007 
 23 CAGUABR23    (8)    1 :  0.935 0.009 0.015 0.012 0.007 0.013 0.009 
 24 CAGUABR24    (8)    1 :  0.859 0.053 0.014 0.012 0.025 0.014 0.023 
 25 CAGUABR25    (8)    1 :  0.969 0.005 0.004 0.004 0.005 0.008 0.005 
 26 CAGUABR26    (8)    1 :  0.966 0.006 0.004 0.005 0.007 0.006 0.006 
 27 CAGUABR27    (8)    1 :  0.874 0.021 0.005 0.020 0.054 0.014 0.012 
 28 CAGUABR28    (0)    1 :  0.969 0.005 0.003 0.003 0.006 0.008 0.005 
 29 CAGUABR29    (0)    1 :  0.962 0.006 0.004 0.005 0.007 0.009 0.007 
 30 CAGUABR30    (8)    1 :  0.896 0.014 0.005 0.005 0.031 0.010 0.039 
 31 CAGUABR31    (0)    1 :  0.967 0.006 0.004 0.004 0.006 0.007 0.006 
 32 CAGUABR32    (8)    1 :  0.893 0.018 0.009 0.035 0.015 0.007 0.023 
 33  CAGUAD1    (0)    2 :  0.056 0.025 0.023 0.022 0.030 0.806 0.038 
 34  CAGUAD2    (0)    2 :  0.029 0.059 0.008 0.009 0.279 0.533 0.084 
 35  CAGUAD3    (0)    2 :  0.025 0.098 0.010 0.009 0.093 0.684 0.081 
 36  CAGUAD4   (25)    2 :  0.065 0.009 0.004 0.006 0.013 0.894 0.009 
 37  CAGUAD5    (8)    2 :  0.041 0.029 0.004 0.008 0.014 0.881 0.023 
 38  CAGUAD6    (0)    2 :  0.010 0.012 0.005 0.005 0.035 0.919 0.014 
 39  CAGUAD7    (0)    2 :  0.007 0.006 0.004 0.004 0.008 0.965 0.007 
 40  CAGUAD8    (8)    2 :  0.012 0.006 0.004 0.004 0.012 0.953 0.008 
 41  CAGUAD9    (0)    2 :  0.012 0.013 0.009 0.008 0.012 0.934 0.013 
 42 CAGUAD10   (25)    2 :  0.018 0.016 0.006 0.006 0.035 0.891 0.027 
 43 CAGUAD11    (0)    2 :  0.008 0.012 0.005 0.006 0.014 0.944 0.010 
 44 CAGUAD12    (0)    2 :  0.158 0.022 0.009 0.007 0.039 0.739 0.026 
 45 CAGUAD13    (0)    2 :  0.082 0.012 0.007 0.010 0.011 0.865 0.014 
 46 CAGUAD14    (0)    2 :  0.013 0.009 0.005 0.005 0.018 0.939 0.012 
 47 CAGUAD15    (0)    2 :  0.007 0.009 0.005 0.005 0.014 0.948 0.012 
 48 CAGUAD16    (0)    2 :  0.008 0.005 0.003 0.004 0.007 0.967 0.006 
 49 CAGUAD17    (0)    2 :  0.005 0.017 0.007 0.008 0.035 0.905 0.023 
 50 CAGUAD18    (0)    2 :  0.019 0.248 0.015 0.023 0.036 0.593 0.067 
 51 CAGUAD19    (0)    2 :  0.030 0.125 0.006 0.014 0.082 0.657 0.088 
 52 CAGUAD20    (0)    2 :  0.025 0.021 0.005 0.006 0.102 0.817 0.024 
 53 CAGUAD21    (0)    2 :  0.014 0.044 0.034 0.036 0.019 0.832 0.020 
 54 CAGUAD22    (0)    2 :  0.010 0.009 0.009 0.010 0.009 0.941 0.012 
 55 CAGUAD23    (0)    2 :  0.010 0.008 0.008 0.007 0.011 0.942 0.015 
 56 CAGUAD24    (0)    2 :  0.007 0.009 0.071 0.015 0.008 0.856 0.035 
 57 CAGUAD25    (0)    2 :  0.010 0.028 0.006 0.018 0.028 0.562 0.349 
 58 CAGUAD26   (16)    2 :  0.008 0.008 0.005 0.006 0.014 0.944 0.014 
 59 CAGUAD27    (0)    2 :  0.007 0.061 0.087 0.044 0.025 0.752 0.024 
 60 CAGUAD28    (0)    2 :  0.030 0.011 0.006 0.019 0.059 0.855 0.021 
 61 CAGUAD29    (0)    2 :  0.006 0.024 0.048 0.015 0.239 0.615 0.053 
 62 CAGUAD30    (0)    2 :  0.020 0.025 0.009 0.013 0.097 0.807 0.029 
 63 CAGUAD32    (0)    2 :  0.007 0.029 0.005 0.010 0.034 0.894 0.022 
 64  CAGUBH1    (0)    3 :  0.018 0.016 0.018 0.013 0.040 0.725 0.170 
 65  CAGUBH2    (0)    3 :  0.007 0.007 0.005 0.005 0.011 0.953 0.012 
 66  CAGUBH3   (25)    3 :  0.018 0.023 0.013 0.011 0.044 0.813 0.078 
 67  CAGUBH4    (0)    3 :  0.037 0.007 0.009 0.007 0.008 0.922 0.009 
 68  CAGUBH5    (0)    3 :  0.009 0.010 0.006 0.006 0.032 0.891 0.046 
 69  CAGUBH6    (0)    3 :  0.013 0.006 0.005 0.005 0.010 0.955 0.007 
 70  CAGUBH7    (0)    3 :  0.017 0.017 0.017 0.022 0.022 0.862 0.043 
 71  CAGUBH8   (25)    3 :  0.008 0.023 0.020 0.022 0.022 0.760 0.144 
 72  CAGUBH9    (8)    3 :  0.010 0.009 0.007 0.006 0.027 0.907 0.034 
 73 CAGUBH10    (0)    3 :  0.016 0.019 0.018 0.023 0.020 0.865 0.039 
 74 CAGUBH11    (8)    3 :  0.013 0.019 0.026 0.017 0.010 0.860 0.055 
 75 CAGUBH12   (25)    3 :  0.012 0.009 0.012 0.011 0.016 0.918 0.022 
 76 CAGUBH13   (33)    3 :  0.172 0.083 0.010 0.015 0.043 0.636 0.040 
 77 CAGUBH14   (16)    3 :  0.012 0.824 0.018 0.010 0.026 0.068 0.041 
 78 CAGUBH15    (0)    3 :  0.005 0.009 0.006 0.006 0.043 0.908 0.023 
 79 CAGUBH16    (0)    3 :  0.015 0.016 0.005 0.006 0.126 0.815 0.017 
 80 CAGUBH18    (8)    3 :  0.215 0.014 0.073 0.030 0.036 0.427 0.205 
 81 CAGUBH19    (8)    3 :  0.008 0.014 0.037 0.010 0.075 0.677 0.179 
 82 CAGUBH20    (8)    3 :  0.016 0.026 0.012 0.013 0.118 0.149 0.665 
 83 CAGUBH21    (8)    3 :  0.332 0.009 0.023 0.008 0.020 0.580 0.027 
 84 CAGUBH22    (0)    3 :  0.262 0.213 0.008 0.044 0.068 0.297 0.108 
 85 CAGUBH23    (0)    3 :  0.008 0.033 0.006 0.011 0.072 0.824 0.046 
 86 CAGUBH25   (25)    3 :  0.012 0.024 0.072 0.078 0.027 0.670 0.116 
 87 CAGUBH26    (0)    3 :  0.044 0.091 0.060 0.024 0.064 0.231 0.486 
 88 CAGUBH27    (0)    3 :  0.010 0.009 0.012 0.007 0.014 0.919 0.029 
 89 CAGUBH28   (25)    3 :  0.011 0.039 0.080 0.008 0.088 0.020 0.755 
 90 CAGUBH29    (0)    3 :  0.007 0.016 0.029 0.222 0.067 0.327 0.332 
 91 CAGUBH30    (0)    3 :  0.015 0.046 0.010 0.008 0.177 0.650 0.094 
 92 CAGUBH31    (0)    3 :  0.009 0.011 0.007 0.008 0.008 0.944 0.013 
 93 CAGUBH32    (0)    3 :  0.049 0.018 0.012 0.012 0.036 0.663 0.211 
 94 CAGUBH34    (0)    3 :  0.007 0.067 0.033 0.021 0.063 0.630 0.177 
 95 CAGUBH36   (33)    3 :  0.571 0.106 0.018 0.010 0.046 0.127 0.122 
 96 CAGUBH37    (8)    3 :  0.012 0.014 0.053 0.024 0.092 0.271 0.533 
 97 CAGUMSR1    (0)    4 :  0.007 0.012 0.007 0.006 0.018 0.935 0.015 
 98 CAGUMSR2    (0)    4 :  0.010 0.076 0.005 0.008 0.019 0.868 0.015 
 99 CAGUMSR3    (0)    4 :  0.006 0.019 0.004 0.005 0.012 0.934 0.021 
100 CAGUMSR4    (0)    4 :  0.010 0.007 0.004 0.004 0.013 0.955 0.007 
101 CAGUMSR5    (0)    4 :  0.009 0.007 0.010 0.006 0.010 0.947 0.011 
102 CAGUMSR6    (0)    4 :  0.022 0.019 0.004 0.006 0.049 0.878 0.023 
103 CAGUMSR7    (0)    4 :  0.008 0.030 0.008 0.013 0.012 0.908 0.022 
104 CAGUMSR8    (0)    4 :  0.007 0.008 0.003 0.004 0.013 0.955 0.009 
105 CAGUMSR9    (0)    4 :  0.012 0.046 0.010 0.008 0.025 0.859 0.040 
106 CAGUMSR10    (0)    4 :  0.007 0.010 0.008 0.005 0.011 0.946 0.013 
107 CAGUMSR11    (0)    4 :  0.009 0.025 0.012 0.008 0.040 0.840 0.068 
108 CAGUMSR12    (0)    4 :  0.023 0.011 0.004 0.005 0.012 0.937 0.008 
109 CAGUMSR13    (0)    4 :  0.021 0.008 0.004 0.004 0.012 0.943 0.009 
110 CAGUMSR14    (8)    4 :  0.007 0.063 0.030 0.124 0.012 0.677 0.087 
111 CAGUMSR15    (0)    4 :  0.023 0.007 0.004 0.005 0.008 0.946 0.007 
112 CAGUMSR16    (0)    4 :  0.067 0.017 0.006 0.016 0.084 0.744 0.066 
113 CAGUMSR18    (0)    4 :  0.063 0.026 0.013 0.005 0.018 0.857 0.018 
114 CAGUMSR19    (0)    4 :  0.022 0.010 0.006 0.007 0.013 0.928 0.013 
115 CAGUMSR20    (0)    4 :  0.008 0.012 0.003 0.004 0.010 0.952 0.011 
116 CAGUMSR21    (0)    4 :  0.018 0.026 0.010 0.011 0.040 0.839 0.055 
117 CAGUMSR22    (0)    4 :  0.007 0.009 0.005 0.005 0.013 0.950 0.010 
118 CAGUMSR23    (0)    4 :  0.016 0.009 0.004 0.005 0.010 0.945 0.010 
119 CAGUMSR24    (0)    4 :  0.007 0.006 0.004 0.004 0.009 0.963 0.007 
120 CAGUMSR25    (8)    4 :  0.059 0.012 0.006 0.006 0.016 0.887 0.014 
121 CAGUMSR26    (0)    4 :  0.010 0.078 0.008 0.023 0.374 0.344 0.164 
122 CAGUMSR28    (0)    4 :  0.008 0.063 0.005 0.006 0.019 0.884 0.015 
123 CAGUMSR29   (16)    4 :  0.025 0.018 0.008 0.010 0.486 0.428 0.024 
124 CAGUMSR30    (0)    4 :  0.004 0.032 0.009 0.011 0.058 0.127 0.759 
125 CAGURAT6    (0)    5 :  0.184 0.012 0.019 0.013 0.010 0.747 0.017 
126 CAGURAT8   (16)    5 :  0.035 0.037 0.009 0.016 0.216 0.617 0.070 
127 CAGURAT10    (8)    5 :  0.014 0.011 0.005 0.005 0.028 0.920 0.017 
128 CAGURAT11    (0)    5 :  0.044 0.026 0.029 0.026 0.146 0.610 0.120 
129 CAGURAT12   (25)    5 :  0.297 0.050 0.077 0.015 0.211 0.235 0.114 
130 CAGURAT14   (25)    5 :  0.036 0.707 0.014 0.038 0.041 0.076 0.088 
131 CAGURAT15   (25)    5 :  0.055 0.023 0.041 0.009 0.022 0.822 0.028 
132 CAGURAT16   (16)    5 :  0.051 0.024 0.014 0.024 0.051 0.775 0.061 
133 CAGURAT17    (0)    5 :  0.395 0.012 0.016 0.011 0.092 0.421 0.054 
134 CAGURAT18   (41)    5 :  0.067 0.711 0.009 0.009 0.079 0.052 0.072 
135 CAGURAT19    (8)    5 :  0.010 0.013 0.024 0.017 0.021 0.892 0.022 
136 CAGURAT20   (16)    5 :  0.250 0.011 0.043 0.019 0.022 0.624 0.031 
137 CAGURAT21    (8)    5 :  0.005 0.014 0.066 0.015 0.008 0.862 0.029 
138 CAGURAT22    (8)    5 :  0.019 0.033 0.007 0.007 0.047 0.833 0.055 
139 CAGURAT23    (0)    5 :  0.021 0.017 0.005 0.006 0.033 0.894 0.024 
140 CAGURAT25    (0)    5 :  0.013 0.018 0.004 0.006 0.055 0.881 0.023 
141 CAGURAT29    (0)    5 :  0.013 0.024 0.006 0.011 0.600 0.239 0.107 
142 CAGURAT30    (0)    5 :  0.628 0.007 0.020 0.020 0.009 0.305 0.012 
143 CAGURAT31    (0)    5 :  0.006 0.015 0.006 0.008 0.134 0.761 0.069 
144 CAGURAT32    (8)    5 :  0.366 0.061 0.012 0.017 0.047 0.447 0.049 
145 CAGURAT33   (25)    5 :  0.015 0.014 0.006 0.008 0.014 0.932 0.011 
146 CAGURAT34    (0)    5 :  0.008 0.015 0.007 0.005 0.025 0.915 0.025 
147 CAGURAT35    (0)    5 :  0.008 0.013 0.089 0.010 0.126 0.398 0.355 
148 CAGURAT36    (0)    5 :  0.059 0.053 0.015 0.020 0.050 0.466 0.337 
149  CAGUWP1    (8)    6 :  0.011 0.015 0.012 0.008 0.012 0.923 0.019 
150  CAGUWP7    (8)    6 :  0.075 0.024 0.009 0.011 0.039 0.796 0.047 
151  CAGUWP9   (33)    6 :  0.011 0.007 0.014 0.009 0.011 0.939 0.010 
152 CAGUWP11   (16)    6 :  0.014 0.022 0.009 0.007 0.084 0.794 0.071 
153 CAGUWP14   (16)    6 :  0.026 0.029 0.015 0.044 0.017 0.665 0.205 
154 CAGUWP17   (16)    6 :  0.014 0.027 0.114 0.039 0.031 0.207 0.568 
155 CAGUWP18   (16)    6 :  0.025 0.018 0.030 0.009 0.048 0.814 0.057 
156 CAGUWP19    (8)    6 :  0.168 0.019 0.022 0.479 0.021 0.268 0.023 
157 CAGUWP20    (8)    6 :  0.007 0.008 0.009 0.006 0.008 0.953 0.009 
158 CAGUWP21   (16)    6 :  0.042 0.043 0.031 0.183 0.021 0.520 0.161 
159 CAGUWP22    (8)    6 :  0.109 0.011 0.105 0.027 0.016 0.696 0.035 
160  CAGUSD1   (25)    7 :  0.065 0.020 0.013 0.007 0.841 0.017 0.036 
161  CAGUSD3   (33)    7 :  0.192 0.247 0.060 0.044 0.273 0.027 0.158 
162  CAGUSD4    (0)    7 :  0.229 0.038 0.013 0.011 0.560 0.075 0.074 
163  CAGUSD5   (25)    7 :  0.011 0.029 0.008 0.008 0.868 0.017 0.058 
164  CAGUSD7    (8)    7 :  0.014 0.019 0.017 0.008 0.460 0.215 0.267 
165  CAGUSD8    (8)    7 :  0.028 0.232 0.011 0.009 0.477 0.075 0.168 
166  CAGUSD9    (8)    7 :  0.010 0.044 0.012 0.011 0.375 0.013 0.535 
167 CAGUSD11   (16)    7 :  0.179 0.032 0.013 0.040 0.143 0.251 0.342 
168 CAGUSD12   (16)    7 :  0.032 0.247 0.013 0.015 0.134 0.032 0.527 
169 CAGUSD14    (0)    7 :  0.013 0.017 0.005 0.010 0.718 0.027 0.209 
170 CAGUSD15    (8)    7 :  0.014 0.028 0.020 0.006 0.897 0.013 0.022 
171 CAGUSD16    (8)    7 :  0.517 0.096 0.027 0.008 0.248 0.047 0.057 
172 CAGUSD17   (16)    7 :  0.028 0.380 0.017 0.034 0.101 0.096 0.343 
173 CAGUSD18   (16)    7 :  0.025 0.074 0.015 0.087 0.412 0.298 0.090 
174 CAGUSD19    (0)    7 :  0.020 0.047 0.005 0.011 0.883 0.014 0.020 
175 CAGUSD20    (0)    7 :  0.057 0.012 0.083 0.020 0.781 0.012 0.034 
176 CAGUSD21    (0)    7 :  0.021 0.016 0.006 0.005 0.519 0.313 0.121 
177 CAGUSD22    (0)    7 :  0.018 0.359 0.011 0.005 0.346 0.118 0.143 
178 CAGUSD23   (16)    7 :  0.007 0.036 0.018 0.073 0.495 0.063 0.308 
179 CAGUSD25    (8)    7 :  0.548 0.025 0.081 0.020 0.177 0.051 0.098 
180 CAGUSD27    (0)    7 :  0.016 0.009 0.005 0.004 0.926 0.027 0.013 
181 CAGUSD28   (16)    7 :  0.016 0.295 0.012 0.010 0.380 0.094 0.193 
182 CAGUSD29    (8)    7 :  0.022 0.027 0.012 0.008 0.886 0.015 0.029 
183 CAGUSD30    (0)    7 :  0.139 0.021 0.027 0.012 0.670 0.037 0.095 
184 CAGUSD32    (0)    7 :  0.012 0.016 0.011 0.019 0.837 0.066 0.038 
185 CAGUSD33   (16)    7 :  0.009 0.014 0.007 0.006 0.925 0.016 0.022 
186 CAGUSD34    (8)    7 :  0.083 0.100 0.005 0.006 0.529 0.226 0.051 
187 CAGUSD35    (0)    7 :  0.027 0.124 0.015 0.030 0.701 0.007 0.095 
188 CAGURGR1   (16)    8 :  0.249 0.016 0.009 0.006 0.676 0.019 0.024 
189 CAGURGR4    (0)    8 :  0.159 0.073 0.026 0.023 0.102 0.414 0.204 
190 CAGURGR5    (0)    8 :  0.055 0.602 0.004 0.006 0.087 0.212 0.034 
191 CAGURGR6    (8)    8 :  0.328 0.327 0.015 0.013 0.157 0.020 0.141 
192 CAGURGR7    (0)    8 :  0.013 0.028 0.008 0.044 0.870 0.008 0.029 
193 CAGURGR8    (8)    8 :  0.030 0.878 0.005 0.006 0.021 0.034 0.026 
194 CAGURGR9   (16)    8 :  0.049 0.209 0.011 0.010 0.597 0.035 0.089 
195 CAGURGR10    (0)    8 :  0.005 0.016 0.007 0.049 0.898 0.008 0.018 
196 CAGURGR11    (0)    8 :  0.294 0.029 0.004 0.005 0.539 0.084 0.044 
197 CAGURGR12    (0)    8 :  0.658 0.098 0.020 0.151 0.020 0.008 0.045 
198 CAGURGR13    (0)    8 :  0.009 0.265 0.008 0.006 0.618 0.048 0.047 
199 CAGURGR14    (0)    8 :  0.305 0.017 0.013 0.014 0.529 0.014 0.108 
200 CAGURGR15   (25)    8 :  0.010 0.013 0.007 0.005 0.933 0.019 0.014 
201 CAGURGR16   (16)    8 :  0.074 0.505 0.007 0.011 0.168 0.164 0.071 
202 CAGURGR17    (8)    8 :  0.707 0.039 0.017 0.008 0.062 0.130 0.037 
203 CAGURGR19    (0)    8 :  0.019 0.096 0.012 0.015 0.824 0.008 0.026 
204 CAGURGR21    (8)    8 :  0.013 0.150 0.064 0.013 0.196 0.270 0.294 
205 CAGURGR22    (0)    8 :  0.803 0.030 0.041 0.020 0.056 0.014 0.037 
206 CAGURGR23   (16)    8 :  0.008 0.016 0.007 0.186 0.599 0.167 0.018 
207 CAGURGR24    (8)    8 :  0.157 0.664 0.011 0.011 0.055 0.039 0.063 
208  CAGUCM1    (0)   10 :  0.010 0.121 0.052 0.020 0.481 0.019 0.297 
209  CAGUCM2    (0)   10 :  0.006 0.180 0.010 0.012 0.519 0.012 0.262 
210  CAGUCM3    (0)   10 :  0.021 0.068 0.011 0.011 0.038 0.015 0.836 
211  CAGUCM4    (0)   10 :  0.004 0.941 0.007 0.019 0.010 0.005 0.014 
212  CAGUCM5   (33)   10 :  0.010 0.037 0.014 0.010 0.319 0.083 0.528 
213  CAGUCM6    (0)   10 :  0.008 0.113 0.024 0.027 0.027 0.013 0.788 
214  CAGUCM7    (0)   10 :  0.008 0.024 0.005 0.007 0.823 0.019 0.114 
215  CAGUCM8    (0)   10 :  0.012 0.035 0.012 0.054 0.563 0.076 0.247 
216  CAGUCM9    (0)   10 :  0.007 0.085 0.007 0.006 0.204 0.035 0.656 
217 CAGUCM10    (0)   10 :  0.021 0.036 0.006 0.018 0.700 0.007 0.211 
218 CAGUCM11    (0)   10 :  0.016 0.145 0.027 0.042 0.430 0.029 0.311 
219 CAGUCM12    (8)   10 :  0.009 0.303 0.039 0.038 0.403 0.012 0.196 
220 CAGUCM13    (0)   10 :  0.007 0.183 0.010 0.072 0.402 0.010 0.318 
221 CAGULPR1    (0)   11 :  0.017 0.050 0.013 0.014 0.301 0.527 0.077 
222 CAGULPR2    (0)   11 :  0.048 0.711 0.133 0.024 0.028 0.022 0.033 
223 CAGULPR3    (0)   11 :  0.005 0.017 0.004 0.006 0.935 0.006 0.026 
224 CAGULPR4    (0)   11 :  0.010 0.029 0.018 0.009 0.492 0.047 0.395 
225 CAGULPR5    (0)   11 :  0.006 0.584 0.007 0.009 0.123 0.024 0.246 
226 CAGULPR6    (0)   11 :  0.016 0.577 0.147 0.018 0.054 0.038 0.151 
227 CAGULPR7    (0)   11 :  0.006 0.440 0.043 0.028 0.078 0.012 0.393 
228 CAGULPR8    (0)   11 :  0.008 0.015 0.005 0.008 0.931 0.016 0.018 
229 CAGULPR9    (0)   11 :  0.007 0.554 0.006 0.010 0.106 0.018 0.298 
230 CAGULPR10    (0)   11 :  0.499 0.088 0.006 0.007 0.164 0.176 0.061 
231 CAGULPR11    (0)   11 :  0.116 0.186 0.005 0.008 0.429 0.124 0.132 
232 CAGULPR12    (0)   11 :  0.010 0.079 0.004 0.037 0.249 0.535 0.085 
233 CAGULPR13    (0)   11 :  0.040 0.017 0.023 0.023 0.290 0.286 0.320 
234 CAGULPR14    (0)   11 :  0.034 0.076 0.006 0.006 0.440 0.048 0.392 
235 CAGULPR15    (0)   11 :  0.008 0.910 0.007 0.008 0.020 0.023 0.024 
236 CAGULPR16    (0)   11 :  0.176 0.043 0.087 0.039 0.112 0.090 0.454 
237 CAGULPR17    (0)   11 :  0.005 0.120 0.222 0.354 0.117 0.031 0.151 
238 CAGULPR18    (0)   11 :  0.007 0.079 0.009 0.010 0.562 0.159 0.175 
239 CAGULPR19    (0)   11 :  0.006 0.148 0.013 0.016 0.536 0.043 0.239 
240 CAGULPR20    (0)   11 :  0.015 0.034 0.009 0.032 0.535 0.313 0.063 
241 CAGULPR21    (0)   11 :  0.014 0.045 0.273 0.054 0.312 0.136 0.166 
242 CAGULPR22    (0)   11 :  0.006 0.690 0.021 0.018 0.051 0.009 0.205 
243 CAGULPR23    (0)   11 :  0.020 0.038 0.042 0.017 0.486 0.015 0.381 
244 CAGULPR24    (0)   11 :  0.010 0.438 0.014 0.028 0.280 0.099 0.132 
245 CAGULPR25    (0)   11 :  0.008 0.012 0.004 0.005 0.939 0.020 0.011 
246 CAGULPR26    (0)   11 :  0.005 0.804 0.075 0.037 0.012 0.005 0.062 
247 CAGULPR28    (0)   11 :  0.007 0.042 0.005 0.007 0.596 0.039 0.305 
248 CAGULPR29    (8)   11 :  0.008 0.588 0.016 0.020 0.126 0.029 0.213 
249  CAGUPB1    (0)   12 :  0.020 0.102 0.043 0.015 0.268 0.425 0.127 
250  CAGUPB2    (0)   12 :  0.007 0.094 0.008 0.010 0.015 0.008 0.858 
251  CAGUPB3    (0)   12 :  0.051 0.876 0.006 0.007 0.024 0.012 0.024 
252  CAGUPB4    (0)   12 :  0.010 0.798 0.012 0.015 0.042 0.012 0.112 
253  CAGUPB5    (0)   12 :  0.024 0.105 0.012 0.017 0.114 0.072 0.655 
254  CAGUPB6    (0)   12 :  0.042 0.068 0.009 0.009 0.110 0.683 0.079 
255  CAGUPB7    (0)   12 :  0.026 0.767 0.010 0.010 0.073 0.026 0.087 
256  CAGUPB8    (0)   12 :  0.065 0.197 0.008 0.007 0.222 0.046 0.455 
257  CAGUPB9    (0)   12 :  0.015 0.117 0.008 0.040 0.206 0.061 0.554 
258 CAGUPB10    (0)   12 :  0.014 0.517 0.015 0.013 0.034 0.009 0.397 
259 CAGUPB11    (8)   12 :  0.010 0.767 0.007 0.009 0.027 0.012 0.168 
260 CAGUPB12    (0)   12 :  0.010 0.223 0.059 0.062 0.034 0.416 0.196 
261 CAGUPB13    (0)   12 :  0.030 0.868 0.023 0.031 0.009 0.017 0.022 
262 CAGUPB14    (0)   12 :  0.020 0.190 0.005 0.224 0.104 0.268 0.190 
263 CAGUPB15    (0)   12 :  0.009 0.688 0.007 0.013 0.163 0.011 0.109 
264 CAGUPB16    (0)   12 :  0.009 0.478 0.012 0.008 0.167 0.008 0.317 
265 CAGUPB18    (0)   12 :  0.133 0.256 0.011 0.009 0.160 0.016 0.415 
266 CAGUPB19    (0)   12 :  0.015 0.193 0.007 0.013 0.194 0.013 0.565 
267 CAGUPB20    (0)   12 :  0.023 0.116 0.015 0.010 0.123 0.044 0.668 
268 CAGUPB22    (0)   12 :  0.012 0.451 0.019 0.014 0.099 0.017 0.388 
269 CAGUPB23   (16)   12 :  0.009 0.677 0.014 0.022 0.084 0.014 0.181 
270 CAGUPB24    (0)   12 :  0.014 0.121 0.022 0.036 0.031 0.058 0.719 
271 CAGUPB25    (0)   12 :  0.008 0.753 0.026 0.018 0.032 0.008 0.154 
272 CAGUPB26    (0)   12 :  0.009 0.665 0.016 0.186 0.017 0.045 0.063 
273 CAGUPB27    (0)   12 :  0.009 0.091 0.009 0.009 0.050 0.016 0.816 
274 CAGUPB28    (8)   12 :  0.014 0.792 0.009 0.007 0.069 0.022 0.087 
275 CAGUPB29    (0)   12 :  0.028 0.016 0.005 0.009 0.878 0.021 0.044 
276 CAGUPB30    (0)   12 :  0.018 0.136 0.005 0.009 0.723 0.022 0.087 
277 CAGUPB31    (0)   12 :  0.014 0.640 0.036 0.063 0.083 0.026 0.137 
278 CAGUPB32    (0)   12 :  0.021 0.746 0.010 0.012 0.114 0.015 0.081 
279  CAGUMB1    (0)   13 :  0.034 0.138 0.069 0.034 0.106 0.148 0.470 
280  CAGUMB2    (0)   13 :  0.054 0.073 0.036 0.028 0.243 0.253 0.314 
281  CAGUMB3    (0)   13 :  0.018 0.399 0.036 0.037 0.429 0.020 0.061 
282  CAGUMB4    (0)   13 :  0.009 0.647 0.011 0.023 0.176 0.011 0.121 
283  CAGUMB6    (0)   13 :  0.042 0.237 0.015 0.007 0.149 0.051 0.499 
284  CAGUMB8    (0)   13 :  0.329 0.104 0.007 0.009 0.310 0.015 0.226 
285  CAGUMB9    (0)   13 :  0.017 0.227 0.008 0.007 0.037 0.024 0.679 
286 CAGUMB10    (0)   13 :  0.009 0.260 0.011 0.056 0.058 0.188 0.418 
287 CAGUMB11    (0)   13 :  0.022 0.165 0.010 0.015 0.097 0.349 0.342 
288 CAGUMB12    (0)   13 :  0.082 0.341 0.017 0.008 0.106 0.280 0.167 
289 CAGUMB14    (0)   13 :  0.009 0.864 0.009 0.071 0.015 0.011 0.021 
290 CAGUMB15    (0)   13 :  0.009 0.060 0.017 0.009 0.567 0.035 0.302 
291 CAGUMB16    (0)   13 :  0.032 0.183 0.010 0.043 0.509 0.012 0.211 
292 CAGUMB17    (0)   13 :  0.037 0.191 0.039 0.026 0.213 0.028 0.467 
293 CAGUMB18    (0)   13 :  0.009 0.819 0.010 0.009 0.085 0.017 0.051 
294 CAGUMB19    (0)   13 :  0.010 0.078 0.007 0.015 0.840 0.016 0.034 
295 CAGUMB20    (0)   13 :  0.009 0.780 0.006 0.029 0.023 0.017 0.135 
296 CAGUMB21    (0)   13 :  0.007 0.052 0.006 0.009 0.784 0.079 0.063 
297 CAGUMB22    (0)   13 :  0.008 0.911 0.004 0.010 0.039 0.010 0.017 
298 CAGUMB24    (0)   13 :  0.008 0.492 0.004 0.153 0.022 0.287 0.035 
299 CAGUMB25    (0)   13 :  0.012 0.132 0.026 0.190 0.025 0.127 0.487 
300 CAGUMB26    (0)   13 :  0.016 0.088 0.017 0.007 0.335 0.234 0.304 
301 CAGUMB27    (8)   13 :  0.010 0.187 0.022 0.009 0.225 0.112 0.435 
302 CAGUMB28    (0)   13 :  0.010 0.023 0.005 0.007 0.774 0.080 0.100 
303 CAGUMB29    (0)   13 :  0.104 0.670 0.008 0.013 0.028 0.053 0.124 
304 CAGUMB30    (0)   13 :  0.007 0.698 0.022 0.064 0.016 0.014 0.181 
305 CAGUMB31    (0)   13 :  0.021 0.858 0.006 0.011 0.056 0.009 0.038 
306  CAGUFP1    (8)   14 :  0.005 0.065 0.165 0.032 0.438 0.008 0.287 
307  CAGUFP2    (8)   14 :  0.007 0.088 0.010 0.020 0.453 0.020 0.402 
308  CAGUFP3   (25)   14 :  0.009 0.029 0.010 0.012 0.562 0.048 0.329 
309  CAGUFP4    (8)   14 :  0.018 0.075 0.077 0.059 0.411 0.023 0.336 
310  CAGUFP5    (8)   14 :  0.010 0.027 0.011 0.010 0.861 0.013 0.068 
311  CAGUFP6    (0)   14 :  0.012 0.046 0.014 0.017 0.406 0.019 0.487 
312  CAGUFP7    (0)   14 :  0.064 0.109 0.027 0.076 0.195 0.089 0.440 
313  CAGUFP8   (16)   14 :  0.009 0.601 0.326 0.017 0.010 0.010 0.027 
314  CAGUFP9   (16)   14 :  0.008 0.801 0.103 0.024 0.011 0.013 0.039 
315 CAGUFP10    (0)   14 :  0.013 0.695 0.056 0.057 0.024 0.015 0.140 
316 CAGUFP11    (0)   14 :  0.025 0.742 0.046 0.009 0.048 0.023 0.107 
317 CAGUFP12    (0)   14 :  0.021 0.407 0.023 0.047 0.059 0.049 0.394 
318 CAGUFP14    (0)   14 :  0.010 0.221 0.095 0.019 0.383 0.021 0.251 
319 CAGUFP15    (0)   14 :  0.012 0.047 0.005 0.010 0.211 0.026 0.690 
320 CAGUFP16    (0)   14 :  0.023 0.044 0.052 0.432 0.160 0.033 0.256 
321 CAGUFP17    (0)   14 :  0.045 0.710 0.030 0.008 0.066 0.043 0.098 
322 CAGUFP18    (0)   14 :  0.010 0.027 0.049 0.012 0.021 0.042 0.839 
323 CAGUFP19    (0)   14 :  0.016 0.026 0.045 0.012 0.030 0.056 0.815 
324 CAGUFP20   (25)   14 :  0.014 0.120 0.007 0.008 0.664 0.022 0.164 
325 CAGUFP21    (0)   14 :  0.010 0.787 0.005 0.013 0.104 0.013 0.068 
326 CAGUFP22    (8)   14 :  0.012 0.020 0.042 0.016 0.033 0.105 0.773 
327 CAGUFP23    (0)   14 :  0.021 0.186 0.007 0.014 0.134 0.102 0.535 
328 CAGUFP24    (0)   14 :  0.031 0.706 0.013 0.009 0.053 0.047 0.141 
329 CAGUFP25    (0)   14 :  0.009 0.111 0.009 0.023 0.613 0.118 0.116 
330 CAGUFP27    (0)   14 :  0.006 0.855 0.033 0.023 0.034 0.010 0.039 
331 CAGUFP28   (16)   14 :  0.118 0.137 0.005 0.009 0.531 0.079 0.121 
332 CAGUFP29    (0)   14 :  0.017 0.036 0.013 0.065 0.706 0.039 0.124 
333 CAGUFP30    (0)   14 :  0.010 0.023 0.005 0.007 0.917 0.016 0.021 
334 CAGUFP31    (0)   14 :  0.008 0.230 0.074 0.105 0.490 0.007 0.087 
335 CAGUFP32    (8)   14 :  0.012 0.027 0.021 0.017 0.858 0.010 0.053 
336 CAGUFP33    (8)   14 :  0.146 0.142 0.007 0.173 0.255 0.027 0.250 
337 CAGUFP34    (0)   14 :  0.010 0.191 0.008 0.027 0.450 0.143 0.170 
338 CAGUDIX1    (0)   15 :  0.024 0.227 0.032 0.134 0.354 0.014 0.216 
339 CAGUDIX2    (0)   15 :  0.010 0.455 0.014 0.039 0.221 0.008 0.253 
340 CAGUDIX3    (0)   15 :  0.012 0.573 0.076 0.069 0.036 0.015 0.218 
341 CAGUDIX4    (0)   15 :  0.023 0.069 0.050 0.113 0.059 0.009 0.677 
342 CAGUDIX5    (0)   15 :  0.009 0.715 0.009 0.178 0.045 0.011 0.033 
343 CAGUDIX6    (0)   15 :  0.008 0.890 0.013 0.019 0.014 0.010 0.046 
344 CAGUDIX7    (0)   15 :  0.014 0.529 0.010 0.009 0.110 0.032 0.298 
345 CAGUDIX8    (0)   15 :  0.005 0.418 0.014 0.047 0.017 0.012 0.488 
346 CAGUDIX9    (0)   15 :  0.015 0.093 0.011 0.008 0.225 0.020 0.629 
347 CAGUDIX10    (0)   15 :  0.057 0.127 0.006 0.009 0.428 0.017 0.356 
348 CAGUDIX11    (8)   15 :  0.012 0.075 0.029 0.016 0.167 0.013 0.688 
349 CAGUDIX12    (0)   15 :  0.012 0.058 0.012 0.030 0.814 0.017 0.058 
350 CAGUDIX13    (0)   15 :  0.111 0.043 0.023 0.089 0.552 0.019 0.162 
351 CAGUDIX14    (8)   15 :  0.006 0.038 0.008 0.430 0.458 0.017 0.043 
352 CAGUDIX15   (25)   15 :  0.009 0.522 0.010 0.010 0.241 0.032 0.176 
353 CAGUDIX16    (0)   15 :  0.014 0.091 0.007 0.035 0.597 0.070 0.185 
354 CAGUDIX17    (0)   15 :  0.005 0.882 0.013 0.015 0.025 0.009 0.051 
355 CAGUDIX18    (0)   15 :  0.014 0.621 0.034 0.037 0.137 0.019 0.139 
356 CAGUDIX19    (0)   15 :  0.012 0.579 0.006 0.007 0.047 0.319 0.030 
357 CAGUDIX20    (0)   15 :  0.005 0.433 0.018 0.148 0.240 0.014 0.142 
358 CAGUDIX21   (16)   15 :  0.011 0.492 0.010 0.015 0.094 0.013 0.364 
359 CAGUDIX22    (0)   15 :  0.006 0.297 0.038 0.019 0.202 0.028 0.411 
360 CAGUDIX23    (0)   15 :  0.009 0.114 0.014 0.168 0.601 0.011 0.082 
361 CAGUDIX24    (0)   15 :  0.024 0.556 0.005 0.009 0.205 0.022 0.179 
362 CAGUDIX25    (0)   15 :  0.011 0.130 0.014 0.401 0.048 0.042 0.353 
363 CAGUDIX26    (0)   15 :  0.056 0.718 0.042 0.032 0.025 0.008 0.118 
364 CAGUDIX27    (0)   15 :  0.012 0.108 0.028 0.294 0.078 0.010 0.468 
365 CAGUDIX28    (0)   15 :  0.007 0.173 0.008 0.015 0.040 0.053 0.704 
366 CAGUDIX29    (0)   15 :  0.010 0.818 0.008 0.017 0.057 0.012 0.078 
367 CAGUDIX30    (8)   15 :  0.014 0.249 0.010 0.022 0.039 0.516 0.150 
368 CAGUDIX31    (8)   15 :  0.012 0.555 0.007 0.148 0.038 0.180 0.060 
369 CAGUDIX32    (0)   15 :  0.006 0.841 0.044 0.041 0.023 0.008 0.037 
370 CAGUCR1151    (0)   16 :  0.129 0.213 0.253 0.096 0.024 0.041 0.244 
371 CAGUCR1152   (16)   16 :  0.021 0.034 0.304 0.144 0.012 0.011 0.474 
372  CAGUSL1    (8)   17 :  0.055 0.025 0.722 0.016 0.068 0.044 0.069 
373  CAGUSL2    (0)   17 :  0.010 0.326 0.090 0.026 0.048 0.012 0.487 
374  CAGUSL3    (0)   17 :  0.036 0.052 0.471 0.019 0.028 0.161 0.233 
375  CAGUSL4    (0)   17 :  0.008 0.051 0.694 0.160 0.043 0.010 0.033 
376  CAGUSL5    (0)   17 :  0.006 0.105 0.565 0.055 0.153 0.029 0.088 
377  CAGUSL6    (0)   17 :  0.020 0.267 0.454 0.038 0.062 0.059 0.101 
378  CAGUSL7    (0)   17 :  0.037 0.045 0.109 0.061 0.149 0.075 0.524 
379  CAGUSL8    (0)   17 :  0.050 0.071 0.325 0.166 0.037 0.030 0.322 
380  CAGUSL9   (25)   17 :  0.013 0.802 0.032 0.016 0.062 0.016 0.060 
381 CAGUSL10    (8)   17 :  0.011 0.024 0.498 0.019 0.221 0.054 0.173 
382 CAGUSL11   (16)   17 :  0.009 0.044 0.592 0.155 0.049 0.016 0.135 
383 CAGUSL12    (0)   17 :  0.025 0.055 0.464 0.022 0.186 0.056 0.192 
384 CAGUSL13    (0)   17 :  0.017 0.048 0.657 0.018 0.062 0.105 0.093 
385 CAGUSL14    (0)   17 :  0.008 0.086 0.067 0.025 0.079 0.034 0.700 
386 CAGUSL15    (8)   17 :  0.035 0.063 0.426 0.039 0.069 0.032 0.337 
387 CAGUSL16    (0)   17 :  0.039 0.063 0.129 0.025 0.249 0.021 0.475 
388 CAGUSL17    (8)   17 :  0.009 0.014 0.015 0.934 0.011 0.005 0.012 
389 CAGUSL18    (0)   17 :  0.065 0.067 0.573 0.022 0.080 0.125 0.068 
390 CAGUSL19    (0)   17 :  0.091 0.369 0.086 0.095 0.145 0.032 0.181 
391 CAGUSL20    (8)   17 :  0.017 0.042 0.738 0.057 0.065 0.022 0.059 
392 CAGUSL21    (0)   17 :  0.021 0.058 0.614 0.031 0.141 0.037 0.099 
393 CAGUSL22    (0)   17 :  0.033 0.122 0.382 0.030 0.238 0.033 0.162 
394 CAGUSL23    (8)   17 :  0.013 0.215 0.654 0.025 0.030 0.012 0.051 
395 CAGUSL24    (0)   17 :  0.006 0.038 0.056 0.046 0.101 0.124 0.628 
396 CAGUSL25    (8)   17 :  0.039 0.089 0.029 0.070 0.245 0.060 0.467 
397 CAGUSL26    (8)   17 :  0.010 0.510 0.032 0.025 0.059 0.017 0.348 
398 CAGUSL27    (0)   17 :  0.012 0.021 0.897 0.009 0.020 0.021 0.019 
399 CAGUSL28    (0)   17 :  0.011 0.209 0.416 0.088 0.083 0.094 0.098 
400 CAGUSL29    (0)   17 :  0.011 0.691 0.010 0.029 0.080 0.013 0.166 
401 CAGUSL30    (0)   17 :  0.022 0.163 0.579 0.028 0.064 0.014 0.131 
402 CAGUSL31    (0)   17 :  0.010 0.307 0.497 0.015 0.030 0.024 0.116 
403 CAGUSL32    (8)   17 :  0.007 0.835 0.030 0.042 0.012 0.006 0.068 
404  CAGUSR1    (0)   18 :  0.116 0.033 0.728 0.011 0.029 0.043 0.040 
405  CAGUSR2    (8)   18 :  0.031 0.028 0.730 0.028 0.037 0.110 0.036 
406  CAGUSR3    (8)   18 :  0.007 0.009 0.934 0.020 0.009 0.011 0.011 
407  CAGUSR4    (8)   18 :  0.040 0.061 0.714 0.038 0.062 0.023 0.063 
408  CAGUSR5    (0)   18 :  0.020 0.054 0.819 0.011 0.052 0.010 0.034 
409  CAGUSR6    (0)   18 :  0.019 0.344 0.075 0.065 0.235 0.042 0.219 
410  CAGUSR7    (0)   18 :  0.026 0.090 0.708 0.038 0.012 0.106 0.021 
411  CAGUSR8    (8)   18 :  0.007 0.096 0.695 0.080 0.053 0.006 0.063 
412  CAGUSR9    (8)   18 :  0.004 0.005 0.962 0.006 0.006 0.010 0.007 
413 CAGUSR10    (8)   18 :  0.019 0.012 0.923 0.018 0.008 0.008 0.012 
414 CAGUSR11    (0)   18 :  0.012 0.182 0.608 0.035 0.013 0.043 0.107 
415 CAGUSR12    (8)   18 :  0.058 0.028 0.768 0.027 0.012 0.005 0.102 
416 CAGUSR13   (16)   18 :  0.014 0.045 0.822 0.043 0.016 0.032 0.030 
417 CAGUSR14    (0)   18 :  0.039 0.080 0.650 0.052 0.082 0.047 0.050 
418 CAGUSR15    (8)   18 :  0.026 0.124 0.466 0.201 0.042 0.020 0.121 
419 CAGUSR16    (8)   18 :  0.084 0.133 0.201 0.179 0.091 0.026 0.286 
420 CAGUSR17    (0)   18 :  0.011 0.019 0.856 0.014 0.044 0.030 0.025 
421 CAGUSR18    (0)   18 :  0.122 0.164 0.350 0.153 0.055 0.016 0.138 
422 CAGUSR19    (8)   18 :  0.006 0.101 0.663 0.092 0.014 0.063 0.060 
423 CAGUSR20    (0)   18 :  0.038 0.162 0.694 0.014 0.014 0.060 0.019 
424 CAGUSR21    (0)   18 :  0.043 0.030 0.659 0.025 0.026 0.194 0.023 
425 CAGUSR22    (0)   18 :  0.071 0.019 0.855 0.013 0.018 0.011 0.013 
426 CAGUSR23    (0)   18 :  0.035 0.379 0.045 0.089 0.059 0.030 0.363 
427 CAGUSR24    (0)   18 :  0.035 0.401 0.096 0.036 0.074 0.113 0.244 
428 CAGUSR25    (8)   18 :  0.024 0.030 0.437 0.025 0.077 0.023 0.385 
429 CAGUSR26    (0)   18 :  0.006 0.023 0.390 0.296 0.010 0.054 0.220 
430 CAGUSR27    (0)   18 :  0.007 0.019 0.704 0.014 0.030 0.057 0.168 
431 CAGUSR28    (0)   18 :  0.015 0.014 0.924 0.008 0.014 0.011 0.014 
432 CAGUSR29    (0)   18 :  0.016 0.195 0.455 0.054 0.014 0.006 0.262 
433 CAGUSR30    (8)   18 :  0.050 0.115 0.135 0.640 0.016 0.007 0.037 
434 CAGUSR31    (0)   18 :  0.013 0.034 0.705 0.074 0.031 0.103 0.041 
435 CAGUSR32    (0)   18 :  0.009 0.010 0.944 0.014 0.007 0.005 0.012 
436 CAGUDCR1    (0)   19 :  0.012 0.007 0.944 0.010 0.010 0.006 0.011 
437 CAGUDCR2    (8)   19 :  0.019 0.124 0.574 0.132 0.042 0.018 0.090 
438 CAGUDCR3    (0)   19 :  0.027 0.024 0.855 0.021 0.032 0.016 0.025 
439 CAGUDCR4    (0)   19 :  0.004 0.006 0.969 0.005 0.006 0.005 0.006 
440 CAGUDCR5    (8)   19 :  0.009 0.011 0.943 0.007 0.012 0.009 0.010 
441 CAGUDCR6    (0)   19 :  0.004 0.007 0.962 0.010 0.005 0.004 0.007 
442 CAGUDCR7    (0)   19 :  0.005 0.006 0.953 0.017 0.007 0.005 0.007 
443 CAGUDCR8    (0)   19 :  0.019 0.025 0.780 0.043 0.023 0.076 0.034 
444 CAGUDCR9   (16)   19 :  0.004 0.005 0.967 0.008 0.005 0.004 0.006 
445 CAGUDCR10    (0)   19 :  0.176 0.005 0.797 0.005 0.006 0.005 0.006 
446 CAGUDCR11    (0)   19 :  0.019 0.026 0.887 0.014 0.026 0.009 0.019 
447 CAGUDCR12    (0)   19 :  0.005 0.014 0.853 0.101 0.008 0.007 0.012 
448 CAGUDCR13    (0)   19 :  0.011 0.011 0.884 0.046 0.014 0.021 0.013 
449 CAGUDCR15    (0)   19 :  0.006 0.005 0.962 0.006 0.007 0.006 0.007 
450 CAGUDCR16    (0)   19 :  0.036 0.010 0.761 0.163 0.010 0.010 0.010 
451 CAGUDCR17    (0)   19 :  0.007 0.018 0.952 0.007 0.006 0.004 0.007 
452 CAGUDCR18    (0)   19 :  0.006 0.031 0.890 0.035 0.012 0.006 0.020 
453 CAGUDCR19    (0)   19 :  0.012 0.112 0.720 0.009 0.038 0.029 0.079 
454 CAGUDCR20    (0)   19 :  0.007 0.011 0.954 0.011 0.006 0.004 0.007 
455 CAGUDCR21    (8)   19 :  0.022 0.015 0.874 0.044 0.023 0.009 0.014 
456 CAGUDCR22   (16)   19 :  0.007 0.027 0.902 0.012 0.018 0.012 0.023 
457 CAGUDCR23    (8)   19 :  0.004 0.007 0.951 0.011 0.008 0.009 0.009 
458 CAGUDCR24    (0)   19 :  0.005 0.006 0.967 0.007 0.005 0.004 0.006 
459 CAGUDCR25    (0)   19 :  0.004 0.005 0.965 0.008 0.005 0.008 0.006 
460 CAGUDCR26    (8)   19 :  0.031 0.013 0.901 0.007 0.019 0.013 0.016 
461 CAGUDCR27    (8)   19 :  0.011 0.027 0.741 0.012 0.025 0.007 0.177 
462 CAGUDCR28    (8)   19 :  0.005 0.007 0.961 0.006 0.007 0.005 0.007 
463 CAGUDCR29    (0)   19 :  0.007 0.006 0.960 0.005 0.007 0.007 0.008 
464 CAGUDCR30    (0)   19 :  0.004 0.005 0.961 0.015 0.005 0.004 0.006 
465 CAGUDCR31    (0)   19 :  0.004 0.004 0.975 0.005 0.004 0.004 0.005 
466 CAGUDCR32   (16)   19 :  0.004 0.006 0.963 0.011 0.005 0.004 0.007 
467 CAGUSCR1    (8)   20 :  0.004 0.039 0.878 0.037 0.014 0.006 0.022 
468 CAGUSCR2    (8)   20 :  0.014 0.009 0.821 0.115 0.015 0.014 0.011 
469 CAGUSCR3    (0)   20 :  0.005 0.005 0.968 0.006 0.006 0.004 0.006 
470 CAGUSCR4    (8)   20 :  0.005 0.118 0.821 0.013 0.013 0.008 0.021 
471 CAGUSCR5    (0)   20 :  0.006 0.015 0.537 0.087 0.011 0.318 0.027 
472 CAGUSCR6    (0)   20 :  0.004 0.009 0.941 0.009 0.008 0.019 0.010 
473 CAGUSCR7    (8)   20 :  0.012 0.012 0.890 0.046 0.008 0.019 0.013 
474 CAGUSCR8   (25)   20 :  0.013 0.012 0.663 0.268 0.012 0.009 0.023 
475 CAGUSCR9    (8)   20 :  0.004 0.004 0.967 0.008 0.004 0.008 0.005 
476 CAGUSCR10    (8)   20 :  0.005 0.005 0.972 0.006 0.004 0.003 0.005 
477 CAGUSCR11   (25)   20 :  0.029 0.026 0.714 0.147 0.031 0.013 0.040 
478 CAGUSCR12    (0)   20 :  0.009 0.085 0.702 0.111 0.040 0.008 0.045 
479 CAGUSCR13    (0)   20 :  0.006 0.019 0.873 0.061 0.013 0.010 0.018 
480 CAGUSCR14    (0)   20 :  0.005 0.007 0.962 0.012 0.004 0.003 0.006 
481 CAGUSCR15    (0)   20 :  0.011 0.077 0.227 0.552 0.058 0.016 0.059 
482 CAGUSCR16    (0)   20 :  0.012 0.008 0.947 0.008 0.008 0.008 0.009 
483 CAGUSCR17    (8)   20 :  0.005 0.008 0.952 0.015 0.006 0.006 0.008 
484 CAGUSCR18    (0)   20 :  0.005 0.005 0.971 0.007 0.004 0.003 0.005 
485 CAGUSCR19   (25)   20 :  0.009 0.015 0.157 0.740 0.013 0.042 0.023 
486 CAGUSCR20   (25)   20 :  0.012 0.013 0.940 0.012 0.008 0.005 0.009 
487 CAGUSCR21    (0)   20 :  0.025 0.021 0.186 0.530 0.016 0.199 0.024 
488 CAGUSCR22   (16)   20 :  0.013 0.009 0.885 0.018 0.010 0.055 0.011 
489 CAGUSCR23    (0)   20 :  0.006 0.008 0.951 0.010 0.009 0.005 0.011 
490 CAGUSCR24    (8)   20 :  0.007 0.008 0.956 0.008 0.007 0.006 0.008 
491 CAGUSCR25   (16)   20 :  0.007 0.008 0.947 0.016 0.006 0.006 0.009 
492 CAGUSCR26    (8)   20 :  0.005 0.012 0.927 0.017 0.008 0.018 0.012 
493 CAGUSCR27    (8)   20 :  0.044 0.013 0.806 0.026 0.018 0.065 0.027 
494 CAGUSCR28    (0)   20 :  0.006 0.006 0.966 0.006 0.006 0.005 0.006 
495 CAGUSCR29    (8)   20 :  0.006 0.020 0.938 0.011 0.007 0.005 0.015 
496 CAGUSCR30   (16)   20 :  0.004 0.006 0.968 0.007 0.004 0.005 0.006 
497  CAGURC2    (8)   21 :  0.150 0.095 0.583 0.021 0.048 0.037 0.066 
498  CAGURC3    (8)   21 :  0.018 0.047 0.426 0.385 0.008 0.010 0.104 
499  CAGURC4    (0)   21 :  0.022 0.065 0.529 0.087 0.012 0.266 0.018 
500  CAGURC6    (0)   21 :  0.006 0.014 0.195 0.732 0.016 0.015 0.022 
501  CAGURC7    (0)   21 :  0.111 0.013 0.041 0.803 0.009 0.012 0.011 
502 CAGURC10    (0)   21 :  0.019 0.026 0.232 0.499 0.033 0.095 0.095 
503 CAGURC11    (0)   21 :  0.119 0.240 0.010 0.077 0.032 0.035 0.486 
504 CAGURC13   (25)   21 :  0.009 0.010 0.031 0.895 0.015 0.024 0.015 
505 CAGURC19    (0)   21 :  0.013 0.315 0.036 0.590 0.012 0.006 0.028 
506 CAGURC20    (8)   21 :  0.079 0.221 0.547 0.017 0.045 0.023 0.069 
