

----------------------------------------------------
STRUCTURE by Pritchard, Stephens and Donnelly (2000)
     and Falush, Stephens and Pritchard (2003)
       Code by Pritchard, Falush and Hubisz
             Version 2.3.4 (Jul 2012)
----------------------------------------------------



Command line arguments:   bin/structure -m "/Users/Calochortus/Desktop/CAGU_Struct_NoBJ/CAGU_NoBJ/100/mainparams" -e "/Users/Calochortus/Desktop/CAGU_Struct_NoBJ/CAGU_NoBJ/100/extraparams" 
Input File:    /Users/Calochortus/Desktop/CAGU_Struct_NoBJ/CAGU_NoBJ/project_data

Run parameters:
   604 individuals
   12 loci
   7 populations assumed
   100000 Burn-in period
   100000 Reps


--------------------------------------------
Proportion of membership of each pre-defined
 population in each of the 7 clusters

Given    Inferred Clusters                                   Number of
 Pop       1      2      3      4      5      6      7      Individuals

  1:     0.016  0.007  0.015  0.016  0.918  0.014  0.015       32
  2:     0.035  0.013  0.048  0.836  0.024  0.011  0.032       31
  3:     0.105  0.023  0.049  0.657  0.060  0.021  0.087       33
  4:     0.042  0.007  0.049  0.838  0.018  0.011  0.035       28
  5:     0.073  0.023  0.092  0.620  0.109  0.014  0.068       24
  6:     0.066  0.034  0.032  0.698  0.046  0.075  0.049       11
  7:     0.129  0.019  0.557  0.080  0.084  0.019  0.112       28
  8:     0.129  0.015  0.404  0.084  0.198  0.030  0.140       20
 10:     0.294  0.017  0.385  0.026  0.011  0.025  0.242       13
 11:     0.217  0.044  0.348  0.103  0.040  0.030  0.219       28
 12:     0.364  0.015  0.140  0.082  0.022  0.030  0.348       30
 13:     0.295  0.016  0.243  0.091  0.035  0.033  0.287       27
 14:     0.275  0.044  0.323  0.042  0.022  0.043  0.251       32
 15:     0.311  0.019  0.170  0.049  0.018  0.079  0.355       32
 16:     0.251  0.277  0.018  0.025  0.071  0.104  0.255        2
 17:     0.189  0.372  0.097  0.044  0.023  0.076  0.198       32
 18:     0.094  0.613  0.038  0.041  0.031  0.078  0.106       32
 19:     0.020  0.894  0.013  0.010  0.016  0.026  0.021       31
 20:     0.018  0.816  0.012  0.030  0.010  0.096  0.019       30
 21:     0.095  0.230  0.025  0.058  0.059  0.423  0.110       13
 22:     0.058  0.106  0.021  0.036  0.020  0.690  0.067       31
 23:     0.054  0.134  0.031  0.024  0.034  0.656  0.067       30
 24:     0.081  0.020  0.054  0.025  0.025  0.712  0.082       34
--------------------------------------------

Allele-freq. divergence among pops (Net nucleotide distance),
computed using point estimates of P.

      1       2       3       4       5       6       7      
 1      -    0.1876  0.0261  0.0987  0.1432  0.0994  0.0018  
 2   0.1876     -    0.2575  0.3499  0.3355  0.1106  0.1796  
 3   0.0261  0.2575     -    0.1061  0.1619  0.1622  0.0309  
 4   0.0987  0.3499  0.1061     -    0.1558  0.2337  0.1119  
 5   0.1432  0.3355  0.1619  0.1558     -    0.2315  0.1470  
 6   0.0994  0.1106  0.1622  0.2337  0.2315     -    0.0916  
 7   0.0018  0.1796  0.0309  0.1119  0.1470  0.0916     -    

Average distances (expected heterozygosity) between individuals in same cluster:
cluster  1  : 0.5786 
cluster  2  : 0.4305 
cluster  3  : 0.4657 
cluster  4  : 0.3659 
cluster  5  : 0.3415 
cluster  6  : 0.6326 
cluster  7  : 0.5852 

--------------------------------------------
Estimated Ln Prob of Data   = -14020.0
Mean value of ln likelihood = -13444.7
Variance of ln likelihood   = 1150.7
Mean value of alpha         = 0.0560

Mean value of Fst_1         = 0.0924
Mean value of Fst_2         = 0.3218
Mean value of Fst_3         = 0.1968
Mean value of Fst_4         = 0.4260
Mean value of Fst_5         = 0.4875
Mean value of Fst_6         = 0.1221
Mean value of Fst_7         = 0.0848


Inferred ancestry of individuals:
        Label (%Miss) Pop:  Inferred clusters
  1 CAGUABR1    (8)    1 :  0.008 0.007 0.009 0.015 0.948 0.006 0.007 
  2 CAGUABR2    (0)    1 :  0.094 0.011 0.048 0.018 0.730 0.017 0.082 
  3 CAGUABR3    (8)    1 :  0.007 0.006 0.009 0.008 0.960 0.005 0.006 
  4 CAGUABR4    (8)    1 :  0.008 0.004 0.008 0.008 0.960 0.004 0.008 
  5 CAGUABR5    (8)    1 :  0.014 0.009 0.013 0.021 0.924 0.007 0.012 
  6 CAGUABR6    (8)    1 :  0.014 0.006 0.017 0.013 0.929 0.007 0.013 
  7 CAGUABR7    (0)    1 :  0.005 0.003 0.005 0.008 0.972 0.003 0.004 
  8 CAGUABR8    (0)    1 :  0.014 0.007 0.016 0.007 0.933 0.009 0.014 
  9 CAGUABR9    (0)    1 :  0.008 0.009 0.006 0.007 0.957 0.005 0.008 
 10 CAGUABR10    (0)    1 :  0.016 0.006 0.020 0.027 0.907 0.007 0.017 
 11 CAGUABR11    (8)    1 :  0.009 0.005 0.010 0.017 0.946 0.005 0.008 
 12 CAGUABR12    (8)    1 :  0.050 0.017 0.048 0.065 0.738 0.032 0.050 
 13 CAGUABR13    (0)    1 :  0.007 0.005 0.012 0.018 0.948 0.004 0.006 
 14 CAGUABR14    (8)    1 :  0.017 0.013 0.015 0.035 0.896 0.009 0.015 
 15 CAGUABR15    (8)    1 :  0.006 0.006 0.007 0.007 0.963 0.005 0.006 
 16 CAGUABR16   (16)    1 :  0.013 0.007 0.012 0.011 0.762 0.181 0.014 
 17 CAGUABR17    (0)    1 :  0.022 0.008 0.014 0.034 0.893 0.005 0.025 
 18 CAGUABR18    (8)    1 :  0.009 0.005 0.009 0.033 0.930 0.005 0.009 
 19 CAGUABR19    (8)    1 :  0.011 0.004 0.008 0.007 0.956 0.004 0.009 
 20 CAGUABR20    (0)    1 :  0.005 0.005 0.006 0.007 0.967 0.005 0.005 
 21 CAGUABR21    (0)    1 :  0.010 0.006 0.033 0.029 0.908 0.006 0.010 
 22 CAGUABR22    (8)    1 :  0.007 0.005 0.008 0.010 0.957 0.006 0.007 
 23 CAGUABR23    (8)    1 :  0.009 0.014 0.007 0.013 0.934 0.013 0.009 
 24 CAGUABR24    (8)    1 :  0.039 0.014 0.028 0.013 0.858 0.012 0.036 
 25 CAGUABR25    (8)    1 :  0.005 0.004 0.005 0.008 0.969 0.004 0.005 
 26 CAGUABR26    (8)    1 :  0.006 0.004 0.006 0.006 0.966 0.005 0.006 
 27 CAGUABR27    (8)    1 :  0.016 0.005 0.053 0.012 0.876 0.019 0.019 
 28 CAGUABR28    (0)    1 :  0.005 0.003 0.006 0.009 0.969 0.003 0.005 
 29 CAGUABR29    (0)    1 :  0.006 0.004 0.007 0.009 0.963 0.005 0.006 
 30 CAGUABR30    (8)    1 :  0.031 0.005 0.028 0.009 0.895 0.005 0.027 
 31 CAGUABR31    (0)    1 :  0.006 0.004 0.006 0.007 0.967 0.005 0.006 
 32 CAGUABR32    (8)    1 :  0.021 0.009 0.013 0.007 0.897 0.033 0.021 
 33  CAGUAD1    (0)    2 :  0.028 0.021 0.028 0.809 0.062 0.022 0.030 
 34  CAGUAD2    (0)    2 :  0.066 0.007 0.280 0.547 0.028 0.009 0.063 
 35  CAGUAD3    (0)    2 :  0.091 0.010 0.106 0.684 0.024 0.009 0.077 
 36  CAGUAD4   (25)    2 :  0.008 0.004 0.014 0.894 0.067 0.005 0.008 
 37  CAGUAD5    (8)    2 :  0.026 0.004 0.015 0.882 0.040 0.008 0.025 
 38  CAGUAD6    (0)    2 :  0.012 0.005 0.037 0.919 0.010 0.005 0.012 
 39  CAGUAD7    (0)    2 :  0.006 0.003 0.008 0.965 0.008 0.004 0.006 
 40  CAGUAD8    (8)    2 :  0.007 0.004 0.012 0.954 0.012 0.004 0.006 
 41  CAGUAD9    (0)    2 :  0.012 0.008 0.012 0.935 0.012 0.008 0.012 
 42 CAGUAD10   (25)    2 :  0.021 0.006 0.040 0.892 0.017 0.006 0.018 
 43 CAGUAD11    (0)    2 :  0.011 0.005 0.014 0.944 0.008 0.006 0.011 
 44 CAGUAD12    (0)    2 :  0.026 0.009 0.035 0.739 0.159 0.008 0.024 
 45 CAGUAD13    (0)    2 :  0.013 0.007 0.011 0.866 0.083 0.009 0.012 
 46 CAGUAD14    (0)    2 :  0.010 0.005 0.018 0.940 0.013 0.005 0.009 
 47 CAGUAD15    (0)    2 :  0.011 0.005 0.013 0.950 0.006 0.006 0.009 
 48 CAGUAD16    (0)    2 :  0.005 0.003 0.007 0.968 0.008 0.004 0.005 
 49 CAGUAD17    (0)    2 :  0.020 0.006 0.032 0.909 0.005 0.008 0.019 
 50 CAGUAD18    (0)    2 :  0.139 0.014 0.037 0.602 0.018 0.020 0.170 
 51 CAGUAD19    (0)    2 :  0.118 0.005 0.094 0.638 0.029 0.015 0.100 
 52 CAGUAD20    (0)    2 :  0.021 0.005 0.116 0.807 0.024 0.006 0.021 
 53 CAGUAD21    (0)    2 :  0.028 0.034 0.020 0.832 0.015 0.035 0.035 
 54 CAGUAD22    (0)    2 :  0.010 0.009 0.009 0.944 0.009 0.010 0.009 
 55 CAGUAD23    (0)    2 :  0.011 0.008 0.011 0.946 0.010 0.006 0.009 
 56 CAGUAD24    (0)    2 :  0.016 0.069 0.009 0.872 0.007 0.014 0.014 
 57 CAGUAD25    (0)    2 :  0.199 0.006 0.045 0.598 0.009 0.019 0.125 
 58 CAGUAD26   (16)    2 :  0.011 0.005 0.014 0.946 0.009 0.006 0.010 
 59 CAGUAD27    (0)    2 :  0.034 0.088 0.022 0.757 0.006 0.043 0.050 
 60 CAGUAD28    (0)    2 :  0.016 0.005 0.060 0.858 0.029 0.017 0.015 
 61 CAGUAD29    (0)    2 :  0.041 0.044 0.243 0.617 0.006 0.015 0.035 
 62 CAGUAD30    (0)    2 :  0.028 0.008 0.098 0.806 0.019 0.014 0.027 
 63 CAGUAD32    (0)    2 :  0.024 0.005 0.033 0.896 0.007 0.010 0.026 
 64  CAGUBH1    (0)    3 :  0.080 0.020 0.053 0.777 0.017 0.012 0.041 
 65  CAGUBH2    (0)    3 :  0.009 0.005 0.012 0.956 0.007 0.004 0.008 
 66  CAGUBH3   (25)    3 :  0.047 0.013 0.048 0.829 0.016 0.011 0.036 
 67  CAGUBH4    (0)    3 :  0.008 0.009 0.008 0.922 0.038 0.007 0.008 
 68  CAGUBH5    (0)    3 :  0.022 0.006 0.035 0.908 0.009 0.006 0.014 
 69  CAGUBH6    (0)    3 :  0.007 0.005 0.010 0.955 0.012 0.005 0.006 
 70  CAGUBH7    (0)    3 :  0.028 0.016 0.022 0.877 0.016 0.021 0.021 
 71  CAGUBH8   (25)    3 :  0.088 0.020 0.024 0.791 0.008 0.022 0.047 
 72  CAGUBH9    (8)    3 :  0.016 0.007 0.030 0.918 0.010 0.006 0.013 
 73 CAGUBH10    (0)    3 :  0.024 0.017 0.023 0.875 0.017 0.022 0.022 
 74 CAGUBH11    (8)    3 :  0.033 0.026 0.010 0.879 0.012 0.016 0.024 
 75 CAGUBH12   (25)    3 :  0.017 0.013 0.016 0.920 0.012 0.011 0.012 
 76 CAGUBH13   (33)    3 :  0.079 0.009 0.045 0.614 0.170 0.016 0.066 
 77 CAGUBH14   (16)    3 :  0.369 0.016 0.024 0.067 0.013 0.011 0.500 
 78 CAGUBH15    (0)    3 :  0.019 0.006 0.045 0.907 0.005 0.005 0.014 
 79 CAGUBH16    (0)    3 :  0.018 0.005 0.124 0.815 0.014 0.006 0.017 
 80 CAGUBH18    (8)    3 :  0.114 0.070 0.030 0.437 0.219 0.030 0.100 
 81 CAGUBH19    (8)    3 :  0.074 0.038 0.086 0.736 0.008 0.010 0.048 
 82 CAGUBH20    (8)    3 :  0.412 0.012 0.066 0.155 0.017 0.012 0.327 
 83 CAGUBH21    (8)    3 :  0.021 0.025 0.018 0.579 0.336 0.007 0.014 
 84 CAGUBH22    (0)    3 :  0.195 0.008 0.064 0.296 0.236 0.039 0.163 
 85 CAGUBH23    (0)    3 :  0.037 0.006 0.076 0.827 0.008 0.011 0.035 
 86 CAGUBH25   (25)    3 :  0.069 0.071 0.029 0.706 0.012 0.074 0.039 
 87 CAGUBH26    (0)    3 :  0.325 0.064 0.077 0.243 0.044 0.026 0.222 
 88 CAGUBH27    (0)    3 :  0.016 0.012 0.017 0.926 0.010 0.007 0.013 
 89 CAGUBH28   (25)    3 :  0.467 0.071 0.056 0.019 0.011 0.008 0.370 
 90 CAGUBH29    (0)    3 :  0.166 0.029 0.101 0.340 0.007 0.206 0.151 
 91 CAGUBH30    (0)    3 :  0.071 0.010 0.199 0.645 0.016 0.009 0.051 
 92 CAGUBH31    (0)    3 :  0.011 0.007 0.008 0.945 0.010 0.008 0.010 
 93 CAGUBH32    (0)    3 :  0.131 0.012 0.021 0.668 0.050 0.011 0.107 
 94 CAGUBH34    (0)    3 :  0.115 0.034 0.063 0.665 0.007 0.019 0.096 
 95 CAGUBH36   (33)    3 :  0.110 0.018 0.046 0.127 0.590 0.010 0.100 
 96 CAGUBH37    (8)    3 :  0.257 0.068 0.128 0.342 0.012 0.029 0.163 
 97 CAGUMSR1    (0)    4 :  0.013 0.007 0.017 0.937 0.007 0.005 0.013 
 98 CAGUMSR2    (0)    4 :  0.040 0.005 0.020 0.867 0.010 0.008 0.050 
 99 CAGUMSR3    (0)    4 :  0.018 0.004 0.013 0.937 0.006 0.005 0.018 
100 CAGUMSR4    (0)    4 :  0.007 0.004 0.012 0.956 0.010 0.004 0.007 
101 CAGUMSR5    (0)    4 :  0.009 0.010 0.010 0.949 0.009 0.006 0.008 
102 CAGUMSR6    (0)    4 :  0.021 0.004 0.045 0.884 0.024 0.006 0.018 
103 CAGUMSR7    (0)    4 :  0.027 0.008 0.012 0.905 0.008 0.013 0.027 
104 CAGUMSR8    (0)    4 :  0.008 0.003 0.013 0.957 0.007 0.004 0.008 
105 CAGUMSR9    (0)    4 :  0.048 0.010 0.024 0.855 0.013 0.008 0.041 
106 CAGUMSR10    (0)    4 :  0.011 0.008 0.011 0.948 0.007 0.005 0.009 
107 CAGUMSR11    (0)    4 :  0.040 0.012 0.044 0.861 0.008 0.008 0.027 
108 CAGUMSR12    (0)    4 :  0.009 0.004 0.011 0.938 0.022 0.006 0.010 
109 CAGUMSR13    (0)    4 :  0.008 0.004 0.011 0.943 0.021 0.004 0.008 
110 CAGUMSR14    (8)    4 :  0.090 0.028 0.013 0.684 0.006 0.122 0.057 
111 CAGUMSR15    (0)    4 :  0.008 0.004 0.007 0.947 0.022 0.004 0.007 
112 CAGUMSR16    (0)    4 :  0.043 0.006 0.081 0.747 0.069 0.016 0.038 
113 CAGUMSR18    (0)    4 :  0.021 0.013 0.020 0.857 0.064 0.005 0.020 
114 CAGUMSR19    (0)    4 :  0.011 0.007 0.013 0.932 0.021 0.007 0.010 
115 CAGUMSR20    (0)    4 :  0.011 0.003 0.011 0.952 0.007 0.004 0.011 
116 CAGUMSR21    (0)    4 :  0.035 0.010 0.039 0.850 0.017 0.011 0.037 
117 CAGUMSR22    (0)    4 :  0.010 0.004 0.014 0.950 0.007 0.005 0.010 
118 CAGUMSR23    (0)    4 :  0.010 0.004 0.009 0.947 0.015 0.005 0.009 
119 CAGUMSR24    (0)    4 :  0.007 0.004 0.009 0.964 0.007 0.004 0.006 
120 CAGUMSR25    (8)    4 :  0.014 0.006 0.016 0.890 0.056 0.006 0.012 
121 CAGUMSR26    (0)    4 :  0.148 0.007 0.356 0.350 0.011 0.022 0.105 
122 CAGUMSR28    (0)    4 :  0.035 0.005 0.018 0.886 0.008 0.006 0.042 
123 CAGUMSR29   (16)    4 :  0.025 0.008 0.473 0.435 0.028 0.011 0.020 
124 CAGUMSR30    (0)    4 :  0.454 0.009 0.034 0.135 0.004 0.011 0.354 
125 CAGURAT6    (0)    5 :  0.014 0.019 0.010 0.748 0.185 0.012 0.012 
126 CAGURAT8   (16)    5 :  0.052 0.009 0.232 0.611 0.034 0.017 0.046 
127 CAGURAT10    (8)    5 :  0.013 0.005 0.025 0.928 0.014 0.005 0.011 
128 CAGURAT11    (0)    5 :  0.081 0.028 0.136 0.629 0.046 0.025 0.056 
129 CAGURAT12   (25)    5 :  0.085 0.075 0.225 0.235 0.293 0.014 0.073 
130 CAGURAT14   (25)    5 :  0.341 0.013 0.030 0.075 0.035 0.037 0.468 
131 CAGURAT15   (25)    5 :  0.026 0.041 0.024 0.825 0.054 0.008 0.023 
132 CAGURAT16   (16)    5 :  0.043 0.014 0.048 0.783 0.056 0.025 0.032 
133 CAGURAT17    (0)    5 :  0.031 0.017 0.104 0.420 0.398 0.011 0.020 
134 CAGURAT18   (41)    5 :  0.372 0.009 0.063 0.053 0.061 0.009 0.433 
135 CAGURAT19    (8)    5 :  0.016 0.023 0.020 0.899 0.010 0.017 0.015 
136 CAGURAT20   (16)    5 :  0.017 0.043 0.028 0.633 0.249 0.018 0.013 
137 CAGURAT21    (8)    5 :  0.018 0.060 0.008 0.878 0.005 0.013 0.018 
138 CAGURAT22    (8)    5 :  0.041 0.006 0.057 0.839 0.019 0.007 0.031 
139 CAGURAT23    (0)    5 :  0.019 0.005 0.035 0.897 0.021 0.006 0.017 
140 CAGURAT25    (0)    5 :  0.021 0.005 0.066 0.871 0.014 0.006 0.017 
141 CAGURAT29    (0)    5 :  0.070 0.005 0.627 0.237 0.014 0.011 0.036 
142 CAGURAT30    (0)    5 :  0.008 0.019 0.009 0.289 0.647 0.020 0.009 
143 CAGURAT31    (0)    5 :  0.040 0.006 0.145 0.775 0.007 0.008 0.019 
144 CAGURAT32    (8)    5 :  0.054 0.011 0.046 0.451 0.371 0.016 0.050 
145 CAGURAT33   (25)    5 :  0.012 0.006 0.014 0.933 0.015 0.008 0.012 
146 CAGURAT34    (0)    5 :  0.020 0.007 0.026 0.918 0.008 0.005 0.016 
147 CAGURAT35    (0)    5 :  0.166 0.104 0.181 0.458 0.008 0.011 0.073 
148 CAGURAT36    (0)    5 :  0.199 0.015 0.059 0.504 0.063 0.020 0.139 
149  CAGUWP1    (8)    6 :  0.016 0.010 0.013 0.927 0.010 0.008 0.015 
150  CAGUWP7    (8)    6 :  0.030 0.008 0.039 0.813 0.071 0.011 0.027 
151  CAGUWP9   (33)    6 :  0.009 0.015 0.011 0.938 0.011 0.009 0.009 
152 CAGUWP11   (16)    6 :  0.047 0.009 0.103 0.796 0.013 0.007 0.025 
153 CAGUWP14   (16)    6 :  0.113 0.015 0.016 0.678 0.024 0.042 0.112 
154 CAGUWP17   (16)    6 :  0.337 0.125 0.052 0.231 0.014 0.041 0.200 
155 CAGUWP18   (16)    6 :  0.037 0.028 0.053 0.820 0.025 0.009 0.029 
156 CAGUWP19    (8)    6 :  0.019 0.021 0.021 0.267 0.172 0.479 0.022 
157 CAGUWP20    (8)    6 :  0.009 0.009 0.008 0.953 0.007 0.006 0.009 
158 CAGUWP21   (16)    6 :  0.093 0.030 0.025 0.542 0.041 0.190 0.080 
159 CAGUWP22    (8)    6 :  0.020 0.101 0.016 0.707 0.115 0.027 0.015 
160  CAGUSD1   (25)    7 :  0.033 0.014 0.838 0.016 0.070 0.007 0.023 
161  CAGUSD3   (33)    7 :  0.179 0.061 0.290 0.029 0.184 0.042 0.215 
162  CAGUSD4    (0)    7 :  0.060 0.014 0.544 0.078 0.241 0.011 0.053 
163  CAGUSD5   (25)    7 :  0.045 0.008 0.880 0.017 0.011 0.009 0.029 
164  CAGUSD7    (8)    7 :  0.146 0.017 0.525 0.229 0.013 0.008 0.062 
165  CAGUSD8    (8)    7 :  0.209 0.011 0.473 0.076 0.028 0.008 0.194 
166  CAGUSD9    (8)    7 :  0.373 0.010 0.258 0.013 0.010 0.010 0.324 
167 CAGUSD11   (16)    7 :  0.203 0.012 0.135 0.262 0.173 0.041 0.175 
168 CAGUSD12   (16)    7 :  0.424 0.013 0.142 0.032 0.032 0.015 0.342 
169 CAGUSD14    (0)    7 :  0.144 0.005 0.726 0.027 0.012 0.010 0.076 
170 CAGUSD15    (8)    7 :  0.021 0.019 0.906 0.013 0.013 0.006 0.022 
171 CAGUSD16    (8)    7 :  0.075 0.027 0.276 0.044 0.505 0.008 0.065 
172 CAGUSD17   (16)    7 :  0.403 0.017 0.096 0.102 0.027 0.036 0.317 
173 CAGUSD18   (16)    7 :  0.089 0.014 0.430 0.287 0.023 0.086 0.071 
174 CAGUSD19    (0)    7 :  0.025 0.005 0.894 0.015 0.018 0.011 0.031 
175 CAGUSD20    (0)    7 :  0.021 0.085 0.779 0.013 0.056 0.022 0.025 
176 CAGUSD21    (0)    7 :  0.055 0.006 0.572 0.306 0.022 0.005 0.034 
177 CAGUSD22    (0)    7 :  0.248 0.010 0.384 0.101 0.017 0.005 0.235 
178 CAGUSD23   (16)    7 :  0.233 0.015 0.403 0.058 0.007 0.065 0.220 
179 CAGUSD25    (8)    7 :  0.057 0.078 0.188 0.049 0.556 0.021 0.050 
180 CAGUSD27    (0)    7 :  0.010 0.004 0.930 0.026 0.016 0.004 0.010 
181 CAGUSD28   (16)    7 :  0.252 0.013 0.350 0.106 0.015 0.010 0.253 
182 CAGUSD29    (8)    7 :  0.027 0.011 0.894 0.014 0.022 0.008 0.023 
183 CAGUSD30    (0)    7 :  0.062 0.029 0.630 0.047 0.158 0.013 0.061 
184 CAGUSD32    (0)    7 :  0.029 0.010 0.845 0.064 0.011 0.019 0.022 
185 CAGUSD33   (16)    7 :  0.015 0.007 0.936 0.014 0.009 0.006 0.013 
186 CAGUSD34    (8)    7 :  0.069 0.005 0.580 0.205 0.072 0.006 0.063 
187 CAGUSD35    (0)    7 :  0.103 0.016 0.699 0.007 0.027 0.031 0.118 
188 CAGURGR1   (16)    8 :  0.023 0.009 0.663 0.019 0.261 0.006 0.018 
189 CAGURGR4    (0)    8 :  0.158 0.025 0.106 0.417 0.165 0.025 0.105 
190 CAGURGR5    (0)    8 :  0.279 0.004 0.091 0.208 0.058 0.006 0.355 
191 CAGURGR6    (8)    8 :  0.235 0.014 0.142 0.022 0.332 0.011 0.243 
192 CAGURGR7    (0)    8 :  0.032 0.008 0.862 0.009 0.012 0.044 0.034 
193 CAGURGR8    (8)    8 :  0.397 0.006 0.020 0.033 0.029 0.006 0.508 
194 CAGURGR9   (16)    8 :  0.123 0.011 0.636 0.036 0.047 0.010 0.136 
195 CAGURGR10    (0)    8 :  0.014 0.007 0.901 0.007 0.005 0.050 0.016 
196 CAGURGR11    (0)    8 :  0.034 0.005 0.568 0.078 0.283 0.005 0.028 
197 CAGURGR12    (0)    8 :  0.070 0.019 0.020 0.008 0.655 0.153 0.075 
198 CAGURGR13    (0)    8 :  0.140 0.007 0.626 0.040 0.009 0.006 0.172 
199 CAGURGR14    (0)    8 :  0.079 0.013 0.505 0.014 0.312 0.014 0.064 
200 CAGURGR15   (25)    8 :  0.012 0.006 0.938 0.017 0.010 0.005 0.012 
201 CAGURGR16   (16)    8 :  0.276 0.006 0.160 0.151 0.076 0.009 0.321 
202 CAGURGR17    (8)    8 :  0.037 0.017 0.070 0.115 0.717 0.008 0.037 
203 CAGURGR19    (0)    8 :  0.060 0.012 0.817 0.008 0.017 0.015 0.072 
204 CAGURGR21    (8)    8 :  0.233 0.065 0.240 0.280 0.013 0.014 0.154 
205 CAGURGR22    (0)    8 :  0.033 0.043 0.059 0.015 0.799 0.019 0.032 
206 CAGURGR23   (16)    8 :  0.015 0.007 0.604 0.161 0.008 0.188 0.018 
207 CAGURGR24    (8)    8 :  0.328 0.010 0.052 0.038 0.153 0.012 0.407 
208  CAGUCM1    (0)   10 :  0.216 0.051 0.503 0.019 0.010 0.020 0.181 
209  CAGUCM2    (0)   10 :  0.226 0.010 0.460 0.011 0.005 0.012 0.275 
210  CAGUCM3    (0)   10 :  0.548 0.011 0.052 0.015 0.024 0.011 0.339 
211  CAGUCM4    (0)   10 :  0.373 0.007 0.009 0.005 0.004 0.020 0.583 
212  CAGUCM5   (33)   10 :  0.332 0.014 0.312 0.086 0.009 0.011 0.235 
213  CAGUCM6    (0)   10 :  0.521 0.027 0.043 0.012 0.008 0.027 0.362 
214  CAGUCM7    (0)   10 :  0.073 0.005 0.850 0.020 0.007 0.006 0.039 
215  CAGUCM8    (0)   10 :  0.166 0.012 0.554 0.074 0.013 0.055 0.125 
216  CAGUCM9    (0)   10 :  0.444 0.007 0.292 0.036 0.007 0.006 0.208 
217 CAGUCM10    (0)   10 :  0.138 0.006 0.735 0.007 0.020 0.016 0.077 
218 CAGUCM11    (0)   10 :  0.231 0.026 0.459 0.027 0.016 0.040 0.201 
219 CAGUCM12    (8)   10 :  0.285 0.034 0.333 0.012 0.010 0.040 0.286 
220 CAGUCM13    (0)   10 :  0.267 0.009 0.406 0.010 0.007 0.064 0.238 
221 CAGULPR1    (0)   11 :  0.063 0.014 0.309 0.533 0.016 0.014 0.053 
222 CAGULPR2    (0)   11 :  0.316 0.145 0.029 0.021 0.045 0.022 0.421 
223 CAGULPR3    (0)   11 :  0.026 0.004 0.924 0.006 0.005 0.006 0.029 
224 CAGULPR4    (0)   11 :  0.217 0.020 0.602 0.044 0.010 0.009 0.098 
225 CAGULPR5    (0)   11 :  0.424 0.007 0.126 0.025 0.006 0.008 0.403 
226 CAGULPR6    (0)   11 :  0.297 0.148 0.057 0.039 0.017 0.020 0.421 
227 CAGULPR7    (0)   11 :  0.429 0.044 0.080 0.013 0.006 0.027 0.402 
228 CAGULPR8    (0)   11 :  0.017 0.005 0.934 0.015 0.007 0.007 0.014 
229 CAGULPR9    (0)   11 :  0.404 0.006 0.102 0.019 0.006 0.010 0.452 
230 CAGULPR10    (0)   11 :  0.076 0.006 0.180 0.174 0.492 0.007 0.064 
231 CAGULPR11    (0)   11 :  0.172 0.005 0.455 0.112 0.113 0.008 0.135 
232 CAGULPR12    (0)   11 :  0.077 0.005 0.277 0.531 0.010 0.038 0.062 
233 CAGULPR13    (0)   11 :  0.190 0.023 0.286 0.299 0.038 0.023 0.141 
234 CAGULPR14    (0)   11 :  0.264 0.006 0.506 0.047 0.037 0.006 0.135 
235 CAGULPR15    (0)   11 :  0.360 0.007 0.018 0.024 0.008 0.008 0.575 
236 CAGULPR16    (0)   11 :  0.266 0.093 0.139 0.087 0.179 0.039 0.196 
237 CAGULPR17    (0)   11 :  0.143 0.224 0.118 0.032 0.004 0.354 0.125 
238 CAGULPR18    (0)   11 :  0.162 0.009 0.548 0.159 0.007 0.009 0.107 
239 CAGULPR19    (0)   11 :  0.187 0.013 0.569 0.044 0.006 0.016 0.165 
240 CAGULPR20    (0)   11 :  0.047 0.008 0.554 0.305 0.016 0.030 0.039 
241 CAGULPR21    (0)   11 :  0.108 0.273 0.312 0.130 0.015 0.053 0.109 
242 CAGULPR22    (0)   11 :  0.399 0.020 0.046 0.008 0.006 0.017 0.505 
243 CAGULPR23    (0)   11 :  0.226 0.044 0.571 0.016 0.021 0.018 0.104 
244 CAGULPR24    (0)   11 :  0.270 0.015 0.264 0.095 0.010 0.027 0.319 
245 CAGULPR25    (0)   11 :  0.012 0.004 0.939 0.021 0.008 0.005 0.011 
246 CAGULPR26    (0)   11 :  0.358 0.067 0.013 0.005 0.005 0.036 0.515 
247 CAGULPR28    (0)   11 :  0.176 0.004 0.685 0.041 0.006 0.007 0.080 
248 CAGULPR29    (8)   11 :  0.377 0.015 0.108 0.028 0.008 0.019 0.444 
249  CAGUPB1    (0)   12 :  0.128 0.044 0.234 0.448 0.019 0.015 0.111 
250  CAGUPB2    (0)   12 :  0.616 0.008 0.016 0.008 0.007 0.009 0.336 
251  CAGUPB3    (0)   12 :  0.378 0.006 0.026 0.011 0.053 0.007 0.520 
252  CAGUPB4    (0)   12 :  0.424 0.012 0.046 0.010 0.010 0.015 0.481 
253  CAGUPB5    (0)   12 :  0.443 0.012 0.169 0.077 0.025 0.018 0.256 
254  CAGUPB6    (0)   12 :  0.068 0.009 0.130 0.681 0.043 0.009 0.061 
255  CAGUPB7    (0)   12 :  0.393 0.010 0.076 0.025 0.024 0.009 0.462 
256  CAGUPB8    (0)   12 :  0.363 0.008 0.306 0.041 0.061 0.006 0.214 
257  CAGUPB9    (0)   12 :  0.369 0.008 0.133 0.066 0.015 0.036 0.373 
258 CAGUPB10    (0)   12 :  0.402 0.015 0.028 0.008 0.016 0.014 0.517 
259 CAGUPB11    (8)   12 :  0.491 0.007 0.022 0.012 0.010 0.008 0.449 
260 CAGUPB12    (0)   12 :  0.202 0.056 0.032 0.429 0.009 0.066 0.206 
261 CAGUPB13    (0)   12 :  0.378 0.024 0.008 0.018 0.030 0.030 0.513 
262 CAGUPB14    (0)   12 :  0.221 0.005 0.120 0.256 0.021 0.226 0.151 
263 CAGUPB15    (0)   12 :  0.382 0.007 0.170 0.011 0.008 0.012 0.410 
264 CAGUPB16    (0)   12 :  0.456 0.012 0.157 0.008 0.008 0.008 0.351 
265 CAGUPB18    (0)   12 :  0.401 0.011 0.145 0.014 0.124 0.010 0.295 
266 CAGUPB19    (0)   12 :  0.465 0.006 0.073 0.012 0.016 0.011 0.417 
267 CAGUPB20    (0)   12 :  0.437 0.015 0.048 0.041 0.022 0.009 0.429 
268 CAGUPB22    (0)   12 :  0.504 0.018 0.089 0.018 0.011 0.014 0.346 
269 CAGUPB23   (16)   12 :  0.441 0.013 0.078 0.013 0.009 0.024 0.422 
270 CAGUPB24    (0)   12 :  0.482 0.024 0.049 0.066 0.017 0.041 0.320 
271 CAGUPB25    (0)   12 :  0.433 0.028 0.031 0.008 0.008 0.015 0.477 
272 CAGUPB26    (0)   12 :  0.323 0.016 0.016 0.047 0.008 0.175 0.415 
273 CAGUPB27    (0)   12 :  0.573 0.009 0.080 0.014 0.009 0.009 0.307 
274 CAGUPB28    (8)   12 :  0.342 0.009 0.068 0.021 0.014 0.007 0.538 
275 CAGUPB29    (0)   12 :  0.026 0.005 0.890 0.019 0.026 0.008 0.025 
276 CAGUPB30    (0)   12 :  0.100 0.005 0.773 0.019 0.016 0.008 0.079 
277 CAGUPB31    (0)   12 :  0.336 0.033 0.072 0.027 0.014 0.058 0.461 
278 CAGUPB32    (0)   12 :  0.352 0.011 0.101 0.015 0.019 0.012 0.490 
279  CAGUMB1    (0)   13 :  0.366 0.066 0.121 0.129 0.033 0.031 0.254 
280  CAGUMB2    (0)   13 :  0.204 0.036 0.274 0.266 0.054 0.033 0.133 
281  CAGUMB3    (0)   13 :  0.189 0.036 0.435 0.021 0.017 0.039 0.262 
282  CAGUMB4    (0)   13 :  0.353 0.011 0.167 0.010 0.010 0.024 0.424 
283  CAGUMB6    (0)   13 :  0.362 0.014 0.162 0.050 0.039 0.006 0.366 
284  CAGUMB8    (0)   13 :  0.211 0.007 0.224 0.015 0.351 0.009 0.182 
285  CAGUMB9    (0)   13 :  0.546 0.007 0.049 0.022 0.017 0.007 0.351 
286 CAGUMB10    (0)   13 :  0.368 0.011 0.080 0.206 0.009 0.058 0.269 
287 CAGUMB11    (0)   13 :  0.264 0.010 0.099 0.372 0.021 0.015 0.219 
288 CAGUMB12    (0)   13 :  0.276 0.016 0.127 0.259 0.081 0.007 0.234 
289 CAGUMB14    (0)   13 :  0.383 0.009 0.014 0.011 0.009 0.075 0.499 
290 CAGUMB15    (0)   13 :  0.187 0.017 0.666 0.034 0.008 0.009 0.078 
291 CAGUMB16    (0)   13 :  0.248 0.009 0.522 0.011 0.032 0.043 0.133 
292 CAGUMB17    (0)   13 :  0.384 0.038 0.206 0.027 0.038 0.026 0.282 
293 CAGUMB18    (0)   13 :  0.339 0.010 0.092 0.016 0.008 0.008 0.527 
294 CAGUMB19    (0)   13 :  0.043 0.007 0.862 0.016 0.010 0.015 0.048 
295 CAGUMB20    (0)   13 :  0.396 0.006 0.025 0.018 0.009 0.028 0.518 
296 CAGUMB21    (0)   13 :  0.061 0.005 0.787 0.081 0.007 0.009 0.050 
297 CAGUMB22    (0)   13 :  0.392 0.004 0.039 0.010 0.007 0.010 0.537 
298 CAGUMB24    (0)   13 :  0.230 0.004 0.020 0.285 0.008 0.153 0.299 
299 CAGUMB25    (0)   13 :  0.308 0.022 0.014 0.116 0.012 0.172 0.356 
300 CAGUMB26    (0)   13 :  0.222 0.016 0.388 0.226 0.016 0.007 0.126 
301 CAGUMB27    (8)   13 :  0.382 0.022 0.277 0.113 0.010 0.009 0.187 
302 CAGUMB28    (0)   13 :  0.062 0.005 0.808 0.079 0.010 0.006 0.030 
303 CAGUMB29    (0)   13 :  0.393 0.008 0.030 0.048 0.097 0.012 0.414 
304 CAGUMB30    (0)   13 :  0.416 0.019 0.014 0.014 0.007 0.062 0.468 
305 CAGUMB31    (0)   13 :  0.391 0.006 0.058 0.009 0.020 0.011 0.505 
306  CAGUFP1    (8)   14 :  0.228 0.160 0.408 0.008 0.005 0.032 0.159 
307  CAGUFP2    (8)   14 :  0.325 0.010 0.397 0.020 0.007 0.020 0.221 
308  CAGUFP3   (25)   14 :  0.200 0.010 0.630 0.048 0.009 0.012 0.091 
309  CAGUFP4    (8)   14 :  0.208 0.083 0.473 0.022 0.019 0.057 0.139 
310  CAGUFP5    (8)   14 :  0.058 0.012 0.837 0.013 0.010 0.009 0.061 
311  CAGUFP6    (0)   14 :  0.351 0.012 0.318 0.019 0.013 0.017 0.271 
312  CAGUFP7    (0)   14 :  0.305 0.030 0.265 0.101 0.063 0.087 0.150 
313  CAGUFP8   (16)   14 :  0.279 0.324 0.011 0.010 0.009 0.018 0.350 
314  CAGUFP9   (16)   14 :  0.357 0.106 0.012 0.013 0.008 0.024 0.479 
315 CAGUFP10    (0)   14 :  0.409 0.051 0.025 0.015 0.013 0.059 0.429 
316 CAGUFP11    (0)   14 :  0.395 0.049 0.054 0.024 0.024 0.009 0.444 
317 CAGUFP12    (0)   14 :  0.425 0.024 0.086 0.052 0.022 0.055 0.336 
318 CAGUFP14    (0)   14 :  0.247 0.094 0.421 0.021 0.009 0.021 0.187 
319 CAGUFP15    (0)   14 :  0.465 0.005 0.117 0.024 0.012 0.009 0.367 
320 CAGUFP16    (0)   14 :  0.171 0.050 0.156 0.034 0.024 0.429 0.135 
321 CAGUFP17    (0)   14 :  0.340 0.029 0.068 0.049 0.045 0.009 0.460 
322 CAGUFP18    (0)   14 :  0.518 0.054 0.034 0.050 0.010 0.012 0.323 
323 CAGUFP19    (0)   14 :  0.500 0.051 0.043 0.073 0.017 0.013 0.303 
324 CAGUFP20   (25)   14 :  0.134 0.007 0.714 0.023 0.013 0.008 0.101 
325 CAGUFP21    (0)   14 :  0.353 0.005 0.094 0.012 0.009 0.012 0.514 
326 CAGUFP22    (8)   14 :  0.479 0.045 0.041 0.120 0.013 0.017 0.285 
327 CAGUFP23    (0)   14 :  0.409 0.007 0.136 0.109 0.022 0.014 0.303 
328 CAGUFP24    (0)   14 :  0.362 0.012 0.063 0.048 0.029 0.009 0.478 
329 CAGUFP25    (0)   14 :  0.105 0.009 0.627 0.115 0.009 0.024 0.110 
330 CAGUFP27    (0)   14 :  0.347 0.032 0.034 0.009 0.006 0.022 0.550 
331 CAGUFP28   (16)   14 :  0.151 0.005 0.524 0.081 0.113 0.009 0.117 
332 CAGUFP29    (0)   14 :  0.089 0.013 0.704 0.038 0.017 0.065 0.075 
333 CAGUFP30    (0)   14 :  0.019 0.005 0.926 0.016 0.009 0.007 0.018 
334 CAGUFP31    (0)   14 :  0.135 0.072 0.454 0.008 0.008 0.109 0.215 
335 CAGUFP32    (8)   14 :  0.038 0.023 0.869 0.010 0.011 0.017 0.032 
336 CAGUFP33    (8)   14 :  0.201 0.006 0.305 0.025 0.121 0.144 0.197 
337 CAGUFP34    (0)   14 :  0.187 0.008 0.487 0.134 0.010 0.027 0.147 
338 CAGUDIX1    (0)   15 :  0.256 0.035 0.353 0.015 0.024 0.135 0.182 
339 CAGUDIX2    (0)   15 :  0.370 0.013 0.124 0.008 0.010 0.032 0.442 
340 CAGUDIX3    (0)   15 :  0.277 0.078 0.031 0.015 0.012 0.066 0.522 
341 CAGUDIX4    (0)   15 :  0.448 0.048 0.040 0.009 0.023 0.096 0.336 
342 CAGUDIX5    (0)   15 :  0.317 0.009 0.043 0.011 0.008 0.191 0.421 
343 CAGUDIX6    (0)   15 :  0.413 0.013 0.014 0.010 0.008 0.019 0.522 
344 CAGUDIX7    (0)   15 :  0.444 0.008 0.058 0.029 0.014 0.008 0.438 
345 CAGUDIX8    (0)   15 :  0.372 0.013 0.014 0.012 0.005 0.043 0.540 
346 CAGUDIX9    (0)   15 :  0.471 0.011 0.111 0.019 0.016 0.007 0.365 
347 CAGUDIX10    (0)   15 :  0.300 0.005 0.309 0.016 0.067 0.009 0.293 
348 CAGUDIX11    (8)   15 :  0.469 0.026 0.098 0.013 0.012 0.014 0.368 
349 CAGUDIX12    (0)   15 :  0.053 0.012 0.817 0.016 0.013 0.030 0.060 
350 CAGUDIX13    (0)   15 :  0.116 0.023 0.547 0.019 0.109 0.091 0.095 
351 CAGUDIX14    (8)   15 :  0.040 0.008 0.457 0.017 0.006 0.428 0.044 
352 CAGUDIX15   (25)   15 :  0.276 0.010 0.244 0.032 0.008 0.010 0.419 
353 CAGUDIX16    (0)   15 :  0.179 0.007 0.559 0.070 0.013 0.032 0.138 
354 CAGUDIX17    (0)   15 :  0.373 0.012 0.022 0.008 0.005 0.015 0.564 
355 CAGUDIX18    (0)   15 :  0.325 0.033 0.093 0.020 0.014 0.039 0.475 
356 CAGUDIX19    (0)   15 :  0.289 0.006 0.045 0.300 0.013 0.007 0.339 
357 CAGUDIX20    (0)   15 :  0.270 0.017 0.183 0.015 0.005 0.135 0.375 
358 CAGUDIX21   (16)   15 :  0.486 0.009 0.079 0.012 0.011 0.015 0.387 
359 CAGUDIX22    (0)   15 :  0.324 0.035 0.143 0.028 0.006 0.017 0.446 
360 CAGUDIX23    (0)   15 :  0.095 0.016 0.598 0.010 0.009 0.170 0.102 
361 CAGUDIX24    (0)   15 :  0.315 0.005 0.158 0.022 0.021 0.008 0.470 
362 CAGUDIX25    (0)   15 :  0.279 0.015 0.043 0.046 0.012 0.389 0.216 
363 CAGUDIX26    (0)   15 :  0.343 0.045 0.025 0.009 0.054 0.028 0.496 
364 CAGUDIX27    (0)   15 :  0.303 0.028 0.038 0.010 0.012 0.234 0.377 
365 CAGUDIX28    (0)   15 :  0.535 0.008 0.048 0.059 0.008 0.014 0.327 
366 CAGUDIX29    (0)   15 :  0.399 0.008 0.058 0.012 0.010 0.018 0.494 
367 CAGUDIX30    (8)   15 :  0.201 0.011 0.033 0.520 0.014 0.019 0.203 
368 CAGUDIX31    (8)   15 :  0.267 0.006 0.041 0.175 0.013 0.149 0.349 
369 CAGUDIX32    (0)   15 :  0.330 0.039 0.025 0.009 0.006 0.052 0.538 
370 CAGUCR1151    (0)   16 :  0.230 0.261 0.025 0.038 0.124 0.084 0.237 
371 CAGUCR1152   (16)   16 :  0.273 0.292 0.011 0.011 0.017 0.123 0.273 
372  CAGUSL1    (8)   17 :  0.051 0.727 0.065 0.046 0.055 0.015 0.041 
373  CAGUSL2    (0)   17 :  0.348 0.080 0.037 0.011 0.010 0.025 0.488 
374  CAGUSL3    (0)   17 :  0.137 0.465 0.025 0.154 0.037 0.020 0.163 
375  CAGUSL4    (0)   17 :  0.039 0.697 0.040 0.010 0.007 0.163 0.043 
376  CAGUSL5    (0)   17 :  0.090 0.573 0.144 0.028 0.006 0.059 0.101 
377  CAGUSL6    (0)   17 :  0.158 0.453 0.060 0.058 0.023 0.040 0.209 
378  CAGUSL7    (0)   17 :  0.315 0.108 0.155 0.082 0.038 0.068 0.235 
379  CAGUSL8    (0)   17 :  0.214 0.310 0.030 0.030 0.048 0.164 0.203 
380  CAGUSL9   (25)   17 :  0.342 0.032 0.070 0.016 0.012 0.017 0.511 
381 CAGUSL10    (8)   17 :  0.112 0.494 0.197 0.057 0.011 0.020 0.109 
382 CAGUSL11   (16)   17 :  0.083 0.610 0.049 0.016 0.009 0.159 0.073 
383 CAGUSL12    (0)   17 :  0.113 0.465 0.208 0.052 0.025 0.022 0.115 
384 CAGUSL13    (0)   17 :  0.072 0.665 0.069 0.101 0.016 0.016 0.061 
385 CAGUSL14    (0)   17 :  0.445 0.072 0.093 0.040 0.008 0.028 0.315 
386 CAGUSL15    (8)   17 :  0.202 0.417 0.075 0.035 0.035 0.044 0.192 
387 CAGUSL16    (0)   17 :  0.306 0.130 0.301 0.021 0.038 0.028 0.177 
388 CAGUSL17    (8)   17 :  0.012 0.014 0.011 0.005 0.008 0.937 0.012 
389 CAGUSL18    (0)   17 :  0.062 0.581 0.080 0.133 0.063 0.022 0.058 
390 CAGUSL19    (0)   17 :  0.248 0.086 0.125 0.032 0.094 0.091 0.325 
391 CAGUSL20    (8)   17 :  0.048 0.745 0.064 0.023 0.017 0.057 0.046 
392 CAGUSL21    (0)   17 :  0.077 0.613 0.143 0.037 0.022 0.034 0.073 
393 CAGUSL22    (0)   17 :  0.127 0.381 0.268 0.032 0.031 0.033 0.128 
394 CAGUSL23    (8)   17 :  0.116 0.657 0.029 0.012 0.014 0.026 0.146 
395 CAGUSL24    (0)   17 :  0.377 0.058 0.123 0.131 0.007 0.051 0.253 
396 CAGUSL25    (8)   17 :  0.323 0.030 0.278 0.064 0.037 0.073 0.195 
397 CAGUSL26    (8)   17 :  0.403 0.029 0.062 0.016 0.009 0.025 0.456 
398 CAGUSL27    (0)   17 :  0.019 0.900 0.021 0.020 0.011 0.009 0.019 
399 CAGUSL28    (0)   17 :  0.131 0.415 0.088 0.102 0.011 0.089 0.164 
400 CAGUSL29    (0)   17 :  0.389 0.010 0.088 0.013 0.011 0.027 0.463 
401 CAGUSL30    (0)   17 :  0.139 0.570 0.062 0.014 0.020 0.027 0.168 
402 CAGUSL31    (0)   17 :  0.197 0.491 0.032 0.022 0.010 0.016 0.234 
403 CAGUSL32    (8)   17 :  0.355 0.030 0.013 0.006 0.008 0.038 0.550 
404  CAGUSR1    (0)   18 :  0.034 0.731 0.031 0.043 0.118 0.011 0.032 
405  CAGUSR2    (8)   18 :  0.035 0.725 0.035 0.113 0.031 0.028 0.033 
406  CAGUSR3    (8)   18 :  0.010 0.935 0.009 0.010 0.006 0.020 0.009 
407  CAGUSR4    (8)   18 :  0.062 0.713 0.059 0.023 0.040 0.041 0.062 
408  CAGUSR5    (0)   18 :  0.041 0.819 0.053 0.010 0.019 0.013 0.046 
409  CAGUSR6    (0)   18 :  0.268 0.070 0.191 0.043 0.017 0.056 0.354 
410  CAGUSR7    (0)   18 :  0.052 0.708 0.011 0.105 0.026 0.035 0.062 
411  CAGUSR8    (8)   18 :  0.075 0.697 0.054 0.006 0.006 0.078 0.083 
412  CAGUSR9    (8)   18 :  0.006 0.964 0.006 0.010 0.003 0.005 0.006 
413 CAGUSR10    (8)   18 :  0.011 0.924 0.008 0.008 0.020 0.018 0.011 
414 CAGUSR11    (0)   18 :  0.125 0.604 0.013 0.045 0.011 0.037 0.164 
415 CAGUSR12    (8)   18 :  0.072 0.771 0.013 0.005 0.059 0.028 0.054 
416 CAGUSR13   (16)   18 :  0.033 0.820 0.015 0.033 0.013 0.049 0.037 
417 CAGUSR14    (0)   18 :  0.060 0.656 0.089 0.047 0.035 0.051 0.062 
418 CAGUSR15    (8)   18 :  0.106 0.436 0.039 0.018 0.028 0.236 0.137 
419 CAGUSR16    (8)   18 :  0.237 0.193 0.078 0.028 0.081 0.176 0.207 
420 CAGUSR17    (0)   18 :  0.024 0.859 0.043 0.029 0.011 0.014 0.021 
421 CAGUSR18    (0)   18 :  0.146 0.343 0.053 0.017 0.117 0.162 0.162 
422 CAGUSR19    (8)   18 :  0.094 0.634 0.013 0.058 0.006 0.111 0.082 
423 CAGUSR20    (0)   18 :  0.073 0.696 0.014 0.054 0.039 0.015 0.109 
424 CAGUSR21    (0)   18 :  0.024 0.660 0.025 0.191 0.044 0.028 0.028 
425 CAGUSR22    (0)   18 :  0.014 0.858 0.018 0.011 0.069 0.013 0.017 
426 CAGUSR23    (0)   18 :  0.286 0.045 0.061 0.030 0.036 0.085 0.457 
427 CAGUSR24    (0)   18 :  0.331 0.101 0.086 0.119 0.031 0.038 0.295 
428 CAGUSR25    (8)   18 :  0.238 0.434 0.072 0.023 0.024 0.024 0.185 
429 CAGUSR26    (0)   18 :  0.118 0.377 0.011 0.052 0.006 0.294 0.142 
430 CAGUSR27    (0)   18 :  0.113 0.691 0.024 0.052 0.006 0.013 0.100 
431 CAGUSR28    (0)   18 :  0.014 0.927 0.014 0.010 0.014 0.008 0.013 
432 CAGUSR29    (0)   18 :  0.196 0.433 0.008 0.005 0.014 0.066 0.277 
433 CAGUSR30    (8)   18 :  0.065 0.132 0.015 0.007 0.051 0.641 0.090 
434 CAGUSR31    (0)   18 :  0.036 0.706 0.032 0.103 0.012 0.075 0.036 
435 CAGUSR32    (0)   18 :  0.012 0.942 0.006 0.005 0.009 0.014 0.012 
436 CAGUDCR1    (0)   19 :  0.010 0.944 0.010 0.006 0.012 0.010 0.009 
437 CAGUDCR2    (8)   19 :  0.093 0.567 0.039 0.019 0.020 0.126 0.135 
438 CAGUDCR3    (0)   19 :  0.022 0.862 0.032 0.016 0.027 0.020 0.021 
439 CAGUDCR4    (0)   19 :  0.006 0.968 0.006 0.005 0.004 0.005 0.006 
440 CAGUDCR5    (8)   19 :  0.010 0.943 0.012 0.009 0.010 0.007 0.010 
441 CAGUDCR6    (0)   19 :  0.007 0.961 0.006 0.004 0.004 0.011 0.008 
442 CAGUDCR7    (0)   19 :  0.006 0.953 0.007 0.005 0.004 0.018 0.006 
443 CAGUDCR8    (0)   19 :  0.029 0.783 0.024 0.068 0.020 0.044 0.032 
444 CAGUDCR9   (16)   19 :  0.006 0.967 0.005 0.005 0.004 0.008 0.005 
445 CAGUDCR10    (0)   19 :  0.005 0.798 0.006 0.005 0.176 0.005 0.005 
446 CAGUDCR11    (0)   19 :  0.022 0.889 0.024 0.010 0.017 0.014 0.023 
447 CAGUDCR12    (0)   19 :  0.013 0.852 0.008 0.007 0.005 0.102 0.014 
448 CAGUDCR13    (0)   19 :  0.012 0.886 0.014 0.019 0.011 0.046 0.012 
449 CAGUDCR15    (0)   19 :  0.006 0.963 0.007 0.006 0.005 0.007 0.006 
450 CAGUDCR16    (0)   19 :  0.011 0.749 0.010 0.010 0.036 0.174 0.011 
451 CAGUDCR17    (0)   19 :  0.011 0.953 0.005 0.004 0.006 0.007 0.013 
452 CAGUDCR18    (0)   19 :  0.025 0.885 0.013 0.006 0.006 0.034 0.030 
453 CAGUDCR19    (0)   19 :  0.098 0.719 0.037 0.030 0.012 0.010 0.094 
454 CAGUDCR20    (0)   19 :  0.009 0.955 0.006 0.004 0.007 0.011 0.009 
455 CAGUDCR21    (8)   19 :  0.015 0.873 0.022 0.009 0.021 0.044 0.016 
456 CAGUDCR22   (16)   19 :  0.025 0.906 0.017 0.012 0.007 0.012 0.022 
457 CAGUDCR23    (8)   19 :  0.008 0.951 0.008 0.008 0.004 0.012 0.008 
458 CAGUDCR24    (0)   19 :  0.005 0.968 0.005 0.004 0.005 0.006 0.006 
459 CAGUDCR25    (0)   19 :  0.005 0.965 0.005 0.008 0.004 0.008 0.005 
460 CAGUDCR26    (8)   19 :  0.014 0.901 0.019 0.013 0.032 0.008 0.013 
461 CAGUDCR27    (8)   19 :  0.114 0.732 0.015 0.007 0.011 0.012 0.108 
462 CAGUDCR28    (8)   19 :  0.007 0.962 0.007 0.005 0.005 0.007 0.007 
463 CAGUDCR29    (0)   19 :  0.007 0.961 0.007 0.007 0.007 0.005 0.006 
464 CAGUDCR30    (0)   19 :  0.006 0.961 0.005 0.004 0.004 0.016 0.005 
465 CAGUDCR31    (0)   19 :  0.004 0.975 0.004 0.004 0.004 0.005 0.004 
466 CAGUDCR32   (16)   19 :  0.006 0.963 0.005 0.004 0.004 0.012 0.006 
467 CAGUSCR1    (8)   20 :  0.029 0.878 0.013 0.006 0.004 0.038 0.031 
468 CAGUSCR2    (8)   20 :  0.010 0.821 0.014 0.014 0.014 0.116 0.011 
469 CAGUSCR3    (0)   20 :  0.005 0.968 0.006 0.004 0.005 0.006 0.005 
470 CAGUSCR4    (8)   20 :  0.060 0.823 0.013 0.008 0.005 0.014 0.077 
471 CAGUSCR5    (0)   20 :  0.018 0.539 0.011 0.321 0.006 0.083 0.023 
472 CAGUSCR6    (0)   20 :  0.008 0.941 0.007 0.020 0.004 0.010 0.009 
473 CAGUSCR7    (8)   20 :  0.012 0.893 0.008 0.019 0.013 0.044 0.013 
474 CAGUSCR8   (25)   20 :  0.018 0.683 0.011 0.009 0.012 0.251 0.017 
475 CAGUSCR9    (8)   20 :  0.005 0.967 0.004 0.008 0.004 0.008 0.005 
476 CAGUSCR10    (8)   20 :  0.005 0.973 0.004 0.003 0.004 0.006 0.005 
477 CAGUSCR11   (25)   20 :  0.030 0.732 0.027 0.013 0.031 0.131 0.038 
478 CAGUSCR12    (0)   20 :  0.062 0.703 0.038 0.009 0.008 0.110 0.070 
479 CAGUSCR13    (0)   20 :  0.020 0.873 0.011 0.010 0.006 0.059 0.021 
480 CAGUSCR14    (0)   20 :  0.007 0.961 0.004 0.003 0.005 0.012 0.007 
481 CAGUSCR15    (0)   20 :  0.070 0.229 0.057 0.017 0.011 0.544 0.072 
482 CAGUSCR16    (0)   20 :  0.008 0.949 0.007 0.007 0.012 0.008 0.009 
483 CAGUSCR17    (8)   20 :  0.008 0.953 0.005 0.006 0.005 0.015 0.008 
484 CAGUSCR18    (0)   20 :  0.005 0.971 0.004 0.003 0.004 0.007 0.005 
485 CAGUSCR19   (25)   20 :  0.019 0.146 0.012 0.039 0.009 0.757 0.019 
486 CAGUSCR20   (25)   20 :  0.011 0.940 0.008 0.005 0.013 0.013 0.011 
487 CAGUSCR21    (0)   20 :  0.022 0.194 0.015 0.194 0.025 0.530 0.022 
488 CAGUSCR22   (16)   20 :  0.009 0.889 0.009 0.053 0.012 0.018 0.010 
489 CAGUSCR23    (0)   20 :  0.010 0.952 0.009 0.004 0.006 0.011 0.009 
490 CAGUSCR24    (8)   20 :  0.008 0.957 0.007 0.007 0.006 0.008 0.008 
491 CAGUSCR25   (16)   20 :  0.008 0.948 0.006 0.006 0.007 0.016 0.008 
492 CAGUSCR26    (8)   20 :  0.011 0.929 0.008 0.017 0.005 0.017 0.012 
493 CAGUSCR27    (8)   20 :  0.021 0.805 0.017 0.069 0.044 0.026 0.017 
494 CAGUSCR28    (0)   20 :  0.006 0.966 0.005 0.005 0.006 0.006 0.006 
495 CAGUSCR29    (8)   20 :  0.017 0.938 0.007 0.004 0.005 0.011 0.018 
496 CAGUSCR30   (16)   20 :  0.006 0.969 0.004 0.005 0.004 0.007 0.006 
497  CAGURC2    (8)   21 :  0.071 0.585 0.042 0.037 0.155 0.022 0.089 
498  CAGURC3    (8)   21 :  0.089 0.405 0.008 0.010 0.017 0.416 0.055 
499  CAGURC4    (0)   21 :  0.034 0.538 0.014 0.263 0.023 0.083 0.045 
500  CAGURC6    (0)   21 :  0.018 0.185 0.017 0.015 0.006 0.742 0.017 
501  CAGURC7    (0)   21 :  0.012 0.040 0.008 0.011 0.104 0.811 0.013 
502 CAGURC10    (0)   21 :  0.068 0.225 0.033 0.088 0.021 0.505 0.059 
503 CAGURC11    (0)   21 :  0.346 0.009 0.016 0.031 0.112 0.070 0.416 
504 CAGURC13   (25)   21 :  0.012 0.030 0.015 0.024 0.009 0.897 0.012 
505 CAGURC19    (0)   21 :  0.134 0.034 0.013 0.006 0.013 0.614 0.186 
506 CAGURC20    (8)   21 :  0.133 0.550 0.045 0.023 0.070 0.015 0.164 
