

----------------------------------------------------
STRUCTURE by Pritchard, Stephens and Donnelly (2000)
     and Falush, Stephens and Pritchard (2003)
       Code by Pritchard, Falush and Hubisz
             Version 2.3.4 (Jul 2012)
----------------------------------------------------



Command line arguments:   bin/structure -m "/Users/Calochortus/Desktop/CAGU_Struct_NoBJ/CAGU_NoBJ/100/mainparams" -e "/Users/Calochortus/Desktop/CAGU_Struct_NoBJ/CAGU_NoBJ/100/extraparams" 
Input File:    /Users/Calochortus/Desktop/CAGU_Struct_NoBJ/CAGU_NoBJ/project_data

Run parameters:
   604 individuals
   12 loci
   7 populations assumed
   100000 Burn-in period
   100000 Reps


--------------------------------------------
Proportion of membership of each pre-defined
 population in each of the 7 clusters

Given    Inferred Clusters                                   Number of
 Pop       1      2      3      4      5      6      7      Individuals

  1:     0.016  0.016  0.014  0.014  0.007  0.016  0.917       32
  2:     0.048  0.834  0.011  0.033  0.014  0.036  0.024       31
  3:     0.051  0.645  0.021  0.057  0.022  0.143  0.060       33
  4:     0.052  0.835  0.012  0.024  0.007  0.053  0.017       28
  5:     0.092  0.614  0.014  0.079  0.022  0.071  0.108       24
  6:     0.030  0.694  0.076  0.022  0.034  0.099  0.045       11
  7:     0.562  0.081  0.019  0.097  0.019  0.141  0.082       28
  8:     0.413  0.085  0.030  0.201  0.015  0.061  0.196       20
 10:     0.364  0.025  0.026  0.184  0.017  0.373  0.011       13
 11:     0.327  0.102  0.030  0.262  0.043  0.196  0.040       28
 12:     0.149  0.081  0.031  0.414  0.015  0.288  0.023       30
 13:     0.238  0.091  0.033  0.362  0.016  0.225  0.034       27
 14:     0.318  0.042  0.044  0.261  0.044  0.269  0.022       32
 15:     0.192  0.050  0.081  0.391  0.020  0.250  0.017       32
 16:     0.018  0.026  0.131  0.138  0.264  0.347  0.074        2
 17:     0.095  0.044  0.076  0.179  0.370  0.213  0.024       32
 18:     0.041  0.041  0.075  0.095  0.614  0.103  0.031       32
 19:     0.013  0.010  0.025  0.019  0.894  0.022  0.016       31
 20:     0.012  0.029  0.097  0.020  0.815  0.018  0.010       30
 21:     0.027  0.059  0.415  0.113  0.232  0.094  0.060       13
 22:     0.022  0.036  0.685  0.076  0.110  0.051  0.020       31
 23:     0.031  0.024  0.652  0.064  0.135  0.059  0.035       30
 24:     0.055  0.025  0.715  0.050  0.021  0.108  0.026       34
--------------------------------------------

Allele-freq. divergence among pops (Net nucleotide distance),
computed using point estimates of P.

      1       2       3       4       5       6       7      
 1      -    0.1067  0.1586  0.0376  0.2558  0.0287  0.1584  
 2   0.1067     -    0.2346  0.1301  0.3515  0.0915  0.1565  
 3   0.1586  0.2346     -    0.1030  0.1111  0.1042  0.2320  
 4   0.0376  0.1301  0.1030     -    0.1941  0.0288  0.1618  
 5   0.2558  0.3515  0.1111  0.1941     -    0.1855  0.3360  
 6   0.0287  0.0915  0.1042  0.0288  0.1855     -    0.1460  
 7   0.1584  0.1565  0.2320  0.1618  0.3360  0.1460     -    

Average distances (expected heterozygosity) between individuals in same cluster:
cluster  1  : 0.4724 
cluster  2  : 0.3647 
cluster  3  : 0.6322 
cluster  4  : 0.5562 
cluster  5  : 0.4309 
cluster  6  : 0.5769 
cluster  7  : 0.3407 

--------------------------------------------
Estimated Ln Prob of Data   = -14025.0
Mean value of ln likelihood = -13446.0
Variance of ln likelihood   = 1158.2
Mean value of alpha         = 0.0566

Mean value of Fst_1         = 0.1921
Mean value of Fst_2         = 0.4309
Mean value of Fst_3         = 0.1225
Mean value of Fst_4         = 0.0968
Mean value of Fst_5         = 0.3200
Mean value of Fst_6         = 0.0911
Mean value of Fst_7         = 0.4932


Inferred ancestry of individuals:
        Label (%Miss) Pop:  Inferred clusters
  1 CAGUABR1    (8)    1 :  0.009 0.015 0.006 0.008 0.006 0.008 0.949 
  2 CAGUABR2    (0)    1 :  0.049 0.021 0.017 0.082 0.011 0.097 0.723 
  3 CAGUABR3    (8)    1 :  0.009 0.008 0.005 0.006 0.006 0.007 0.959 
  4 CAGUABR4    (8)    1 :  0.008 0.008 0.005 0.007 0.004 0.008 0.960 
  5 CAGUABR5    (8)    1 :  0.012 0.023 0.007 0.012 0.010 0.017 0.920 
  6 CAGUABR6    (8)    1 :  0.018 0.014 0.007 0.014 0.006 0.013 0.927 
  7 CAGUABR7    (0)    1 :  0.006 0.008 0.003 0.005 0.003 0.005 0.970 
  8 CAGUABR8    (0)    1 :  0.016 0.007 0.009 0.015 0.008 0.015 0.931 
  9 CAGUABR9    (0)    1 :  0.006 0.008 0.005 0.009 0.009 0.007 0.957 
 10 CAGUABR10    (0)    1 :  0.023 0.027 0.007 0.019 0.006 0.017 0.901 
 11 CAGUABR11    (8)    1 :  0.011 0.018 0.006 0.010 0.005 0.008 0.942 
 12 CAGUABR12    (8)    1 :  0.055 0.067 0.032 0.023 0.017 0.072 0.733 
 13 CAGUABR13    (0)    1 :  0.012 0.020 0.004 0.006 0.005 0.007 0.946 
 14 CAGUABR14    (8)    1 :  0.016 0.034 0.009 0.014 0.013 0.018 0.895 
 15 CAGUABR15    (8)    1 :  0.007 0.007 0.005 0.006 0.006 0.006 0.962 
 16 CAGUABR16   (16)    1 :  0.012 0.011 0.181 0.012 0.007 0.014 0.763 
 17 CAGUABR17    (0)    1 :  0.013 0.033 0.005 0.032 0.007 0.017 0.893 
 18 CAGUABR18    (8)    1 :  0.010 0.035 0.005 0.008 0.006 0.009 0.928 
 19 CAGUABR19    (8)    1 :  0.013 0.007 0.005 0.008 0.004 0.013 0.950 
 20 CAGUABR20    (0)    1 :  0.006 0.007 0.005 0.005 0.005 0.006 0.966 
 21 CAGUABR21    (0)    1 :  0.030 0.030 0.006 0.009 0.006 0.012 0.907 
 22 CAGUABR22    (8)    1 :  0.008 0.009 0.006 0.008 0.005 0.007 0.957 
 23 CAGUABR23    (8)    1 :  0.007 0.012 0.012 0.009 0.015 0.009 0.935 
 24 CAGUABR24    (8)    1 :  0.023 0.014 0.013 0.049 0.014 0.027 0.859 
 25 CAGUABR25    (8)    1 :  0.005 0.008 0.004 0.005 0.004 0.005 0.969 
 26 CAGUABR26    (8)    1 :  0.006 0.006 0.005 0.006 0.004 0.006 0.967 
 27 CAGUABR27    (8)    1 :  0.052 0.013 0.020 0.021 0.005 0.012 0.876 
 28 CAGUABR28    (0)    1 :  0.006 0.009 0.003 0.005 0.003 0.005 0.968 
 29 CAGUABR29    (0)    1 :  0.007 0.009 0.004 0.007 0.005 0.006 0.962 
 30 CAGUABR30    (8)    1 :  0.026 0.009 0.005 0.014 0.005 0.048 0.892 
 31 CAGUABR31    (0)    1 :  0.006 0.006 0.004 0.006 0.004 0.006 0.967 
 32 CAGUABR32    (8)    1 :  0.013 0.007 0.035 0.017 0.008 0.023 0.897 
 33  CAGUAD1    (0)    2 :  0.033 0.810 0.023 0.025 0.022 0.028 0.058 
 34  CAGUAD2    (0)    2 :  0.309 0.529 0.009 0.060 0.007 0.058 0.028 
 35  CAGUAD3    (0)    2 :  0.083 0.697 0.009 0.101 0.010 0.076 0.024 
 36  CAGUAD4   (25)    2 :  0.014 0.897 0.006 0.009 0.004 0.008 0.062 
 37  CAGUAD5    (8)    2 :  0.013 0.878 0.008 0.029 0.004 0.026 0.041 
 38  CAGUAD6    (0)    2 :  0.039 0.916 0.005 0.013 0.004 0.013 0.010 
 39  CAGUAD7    (0)    2 :  0.008 0.964 0.004 0.006 0.004 0.007 0.008 
 40  CAGUAD8    (8)    2 :  0.012 0.952 0.005 0.006 0.004 0.007 0.013 
 41  CAGUAD9    (0)    2 :  0.013 0.935 0.008 0.013 0.009 0.011 0.011 
 42 CAGUAD10   (25)    2 :  0.036 0.896 0.006 0.016 0.006 0.021 0.019 
 43 CAGUAD11    (0)    2 :  0.015 0.944 0.006 0.012 0.005 0.011 0.008 
 44 CAGUAD12    (0)    2 :  0.040 0.735 0.008 0.023 0.009 0.028 0.156 
 45 CAGUAD13    (0)    2 :  0.011 0.869 0.009 0.012 0.007 0.013 0.080 
 46 CAGUAD14    (0)    2 :  0.018 0.939 0.005 0.009 0.005 0.011 0.013 
 47 CAGUAD15    (0)    2 :  0.014 0.948 0.005 0.008 0.005 0.012 0.007 
 48 CAGUAD16    (0)    2 :  0.007 0.967 0.004 0.005 0.003 0.006 0.007 
 49 CAGUAD17    (0)    2 :  0.033 0.907 0.008 0.017 0.007 0.023 0.005 
 50 CAGUAD18    (0)    2 :  0.039 0.597 0.021 0.247 0.016 0.062 0.018 
 51 CAGUAD19    (0)    2 :  0.086 0.666 0.013 0.123 0.006 0.075 0.031 
 52 CAGUAD20    (0)    2 :  0.118 0.807 0.006 0.021 0.005 0.019 0.025 
 53 CAGUAD21    (0)    2 :  0.020 0.832 0.035 0.044 0.034 0.020 0.015 
 54 CAGUAD22    (0)    2 :  0.009 0.943 0.010 0.009 0.009 0.011 0.010 
 55 CAGUAD23    (0)    2 :  0.012 0.944 0.006 0.008 0.008 0.012 0.010 
 56 CAGUAD24    (0)    2 :  0.009 0.859 0.015 0.009 0.069 0.033 0.007 
 57 CAGUAD25    (0)    2 :  0.030 0.551 0.018 0.031 0.006 0.354 0.011 
 58 CAGUAD26   (16)    2 :  0.012 0.944 0.006 0.009 0.005 0.016 0.008 
 59 CAGUAD27    (0)    2 :  0.026 0.752 0.041 0.064 0.088 0.022 0.007 
 60 CAGUAD28    (0)    2 :  0.059 0.859 0.019 0.010 0.005 0.021 0.027 
 61 CAGUAD29    (0)    2 :  0.240 0.617 0.015 0.025 0.044 0.054 0.006 
 62 CAGUAD30    (0)    2 :  0.107 0.798 0.013 0.027 0.009 0.027 0.019 
 63 CAGUAD32    (0)    2 :  0.031 0.897 0.010 0.027 0.005 0.022 0.007 
 64  CAGUBH1    (0)    3 :  0.059 0.733 0.012 0.019 0.018 0.141 0.017 
 65  CAGUBH2    (0)    3 :  0.010 0.954 0.005 0.007 0.005 0.012 0.007 
 66  CAGUBH3   (25)    3 :  0.047 0.809 0.012 0.024 0.012 0.078 0.018 
 67  CAGUBH4    (0)    3 :  0.008 0.922 0.007 0.008 0.009 0.009 0.037 
 68  CAGUBH5    (0)    3 :  0.030 0.886 0.006 0.011 0.006 0.053 0.009 
 69  CAGUBH6    (0)    3 :  0.010 0.954 0.005 0.006 0.005 0.007 0.013 
 70  CAGUBH7    (0)    3 :  0.024 0.864 0.022 0.019 0.017 0.037 0.017 
 71  CAGUBH8   (25)    3 :  0.023 0.764 0.022 0.027 0.020 0.136 0.008 
 72  CAGUBH9    (8)    3 :  0.027 0.897 0.006 0.009 0.006 0.044 0.010 
 73 CAGUBH10    (0)    3 :  0.022 0.864 0.022 0.018 0.016 0.039 0.019 
 74 CAGUBH11    (8)    3 :  0.011 0.873 0.017 0.018 0.027 0.042 0.012 
 75 CAGUBH12   (25)    3 :  0.017 0.914 0.011 0.010 0.013 0.023 0.012 
 76 CAGUBH13   (33)    3 :  0.051 0.638 0.015 0.088 0.009 0.029 0.169 
 77 CAGUBH14   (16)    3 :  0.027 0.073 0.011 0.804 0.018 0.056 0.012 
 78 CAGUBH15    (0)    3 :  0.041 0.910 0.005 0.009 0.006 0.024 0.005 
 79 CAGUBH16    (0)    3 :  0.123 0.816 0.006 0.017 0.005 0.018 0.016 
 80 CAGUBH18    (8)    3 :  0.032 0.437 0.030 0.014 0.070 0.200 0.217 
 81 CAGUBH19    (8)    3 :  0.067 0.685 0.011 0.013 0.036 0.180 0.008 
 82 CAGUBH20    (8)    3 :  0.158 0.169 0.014 0.025 0.014 0.603 0.017 
 83 CAGUBH21    (8)    3 :  0.016 0.579 0.008 0.009 0.025 0.029 0.334 
 84 CAGUBH22    (0)    3 :  0.072 0.309 0.041 0.232 0.007 0.088 0.251 
 85 CAGUBH23    (0)    3 :  0.065 0.822 0.011 0.034 0.006 0.055 0.008 
 86 CAGUBH25   (25)    3 :  0.030 0.674 0.079 0.024 0.066 0.116 0.011 
 87 CAGUBH26    (0)    3 :  0.083 0.259 0.027 0.112 0.066 0.407 0.046 
 88 CAGUBH27    (0)    3 :  0.014 0.915 0.007 0.009 0.012 0.033 0.010 
 89 CAGUBH28   (25)    3 :  0.098 0.021 0.008 0.034 0.079 0.749 0.011 
 90 CAGUBH29    (0)    3 :  0.063 0.290 0.192 0.016 0.029 0.404 0.007 
 91 CAGUBH30    (0)    3 :  0.211 0.631 0.009 0.045 0.010 0.080 0.015 
 92 CAGUBH31    (0)    3 :  0.008 0.944 0.008 0.011 0.007 0.012 0.010 
 93 CAGUBH32    (0)    3 :  0.038 0.663 0.011 0.018 0.012 0.208 0.051 
 94 CAGUBH34    (0)    3 :  0.051 0.604 0.020 0.064 0.032 0.221 0.008 
 95 CAGUBH36   (33)    3 :  0.049 0.134 0.010 0.114 0.017 0.095 0.581 
 96 CAGUBH37    (8)    3 :  0.102 0.289 0.026 0.017 0.057 0.496 0.012 
 97 CAGUMSR1    (0)    4 :  0.018 0.935 0.006 0.012 0.007 0.015 0.007 
 98 CAGUMSR2    (0)    4 :  0.018 0.868 0.008 0.075 0.005 0.017 0.009 
 99 CAGUMSR3    (0)    4 :  0.012 0.934 0.005 0.020 0.004 0.020 0.006 
100 CAGUMSR4    (0)    4 :  0.012 0.956 0.004 0.007 0.004 0.007 0.010 
101 CAGUMSR5    (0)    4 :  0.010 0.945 0.006 0.007 0.010 0.012 0.009 
102 CAGUMSR6    (0)    4 :  0.048 0.881 0.006 0.020 0.004 0.020 0.021 
103 CAGUMSR7    (0)    4 :  0.013 0.908 0.013 0.030 0.008 0.019 0.008 
104 CAGUMSR8    (0)    4 :  0.013 0.957 0.004 0.008 0.003 0.009 0.006 
105 CAGUMSR9    (0)    4 :  0.029 0.857 0.009 0.046 0.011 0.036 0.013 
106 CAGUMSR10    (0)    4 :  0.011 0.948 0.005 0.009 0.008 0.012 0.007 
107 CAGUMSR11    (0)    4 :  0.041 0.840 0.007 0.023 0.011 0.068 0.009 
108 CAGUMSR12    (0)    4 :  0.011 0.940 0.005 0.011 0.004 0.008 0.021 
109 CAGUMSR13    (0)    4 :  0.012 0.944 0.004 0.008 0.004 0.008 0.020 
110 CAGUMSR14    (8)    4 :  0.013 0.688 0.134 0.062 0.030 0.067 0.007 
111 CAGUMSR15    (0)    4 :  0.008 0.948 0.005 0.007 0.004 0.007 0.022 
112 CAGUMSR16    (0)    4 :  0.102 0.737 0.015 0.019 0.006 0.056 0.064 
113 CAGUMSR18    (0)    4 :  0.020 0.854 0.005 0.025 0.013 0.018 0.065 
114 CAGUMSR19    (0)    4 :  0.013 0.930 0.007 0.010 0.006 0.011 0.023 
115 CAGUMSR20    (0)    4 :  0.011 0.952 0.004 0.011 0.003 0.011 0.008 
116 CAGUMSR21    (0)    4 :  0.036 0.842 0.011 0.026 0.010 0.058 0.017 
117 CAGUMSR22    (0)    4 :  0.014 0.950 0.005 0.009 0.004 0.011 0.007 
118 CAGUMSR23    (0)    4 :  0.009 0.947 0.005 0.010 0.004 0.009 0.015 
119 CAGUMSR24    (0)    4 :  0.009 0.964 0.004 0.006 0.004 0.007 0.007 
120 CAGUMSR25    (8)    4 :  0.018 0.890 0.006 0.012 0.006 0.012 0.055 
121 CAGUMSR26    (0)    4 :  0.385 0.343 0.022 0.087 0.008 0.144 0.011 
122 CAGUMSR28    (0)    4 :  0.019 0.884 0.006 0.064 0.005 0.015 0.008 
123 CAGUMSR29   (16)    4 :  0.490 0.422 0.010 0.019 0.008 0.027 0.024 
124 CAGUMSR30    (0)    4 :  0.045 0.120 0.011 0.029 0.009 0.782 0.004 
125 CAGURAT6    (0)    5 :  0.009 0.744 0.014 0.012 0.018 0.016 0.187 
126 CAGURAT8   (16)    5 :  0.227 0.619 0.016 0.039 0.009 0.054 0.035 
127 CAGURAT10    (8)    5 :  0.027 0.924 0.005 0.010 0.005 0.015 0.015 
128 CAGURAT11    (0)    5 :  0.165 0.628 0.025 0.025 0.029 0.085 0.043 
129 CAGURAT12   (25)    5 :  0.232 0.232 0.014 0.049 0.074 0.100 0.299 
130 CAGURAT14   (25)    5 :  0.057 0.077 0.037 0.685 0.013 0.096 0.036 
131 CAGURAT15   (25)    5 :  0.021 0.821 0.009 0.023 0.041 0.027 0.058 
132 CAGURAT16   (16)    5 :  0.047 0.780 0.023 0.025 0.014 0.057 0.053 
133 CAGURAT17    (0)    5 :  0.101 0.415 0.011 0.012 0.017 0.054 0.390 
134 CAGURAT18   (41)    5 :  0.102 0.052 0.009 0.696 0.009 0.071 0.061 
135 CAGURAT19    (8)    5 :  0.023 0.892 0.017 0.014 0.023 0.021 0.010 
136 CAGURAT20   (16)    5 :  0.022 0.628 0.017 0.010 0.040 0.031 0.252 
137 CAGURAT21    (8)    5 :  0.008 0.866 0.014 0.012 0.062 0.033 0.005 
138 CAGURAT22    (8)    5 :  0.051 0.833 0.007 0.033 0.007 0.053 0.018 
139 CAGURAT23    (0)    5 :  0.036 0.897 0.006 0.016 0.005 0.019 0.021 
140 CAGURAT25    (0)    5 :  0.058 0.875 0.006 0.020 0.004 0.023 0.014 
141 CAGURAT29    (0)    5 :  0.606 0.235 0.011 0.027 0.005 0.104 0.012 
142 CAGURAT30    (0)    5 :  0.009 0.304 0.023 0.007 0.020 0.011 0.627 
143 CAGURAT31    (0)    5 :  0.117 0.771 0.008 0.015 0.006 0.077 0.006 
144 CAGURAT32    (8)    5 :  0.040 0.445 0.016 0.064 0.012 0.058 0.366 
145 CAGURAT33   (25)    5 :  0.014 0.932 0.008 0.014 0.006 0.011 0.016 
146 CAGURAT34    (0)    5 :  0.024 0.913 0.005 0.015 0.006 0.029 0.008 
147 CAGURAT35    (0)    5 :  0.155 0.397 0.010 0.015 0.090 0.326 0.008 
148 CAGURAT36    (0)    5 :  0.052 0.467 0.021 0.053 0.014 0.332 0.062 
149  CAGUWP1    (8)    6 :  0.013 0.924 0.008 0.015 0.011 0.018 0.011 
150  CAGUWP7    (8)    6 :  0.039 0.811 0.012 0.024 0.009 0.037 0.068 
151  CAGUWP9   (33)    6 :  0.010 0.940 0.009 0.007 0.014 0.009 0.011 
152 CAGUWP11   (16)    6 :  0.094 0.774 0.006 0.023 0.009 0.079 0.013 
153 CAGUWP14   (16)    6 :  0.016 0.693 0.052 0.034 0.017 0.164 0.024 
154 CAGUWP17   (16)    6 :  0.041 0.227 0.040 0.035 0.126 0.516 0.014 
155 CAGUWP18   (16)    6 :  0.051 0.818 0.009 0.019 0.029 0.049 0.026 
156 CAGUWP19    (8)    6 :  0.020 0.269 0.475 0.020 0.021 0.027 0.169 
157 CAGUWP20    (8)    6 :  0.008 0.952 0.006 0.008 0.009 0.010 0.007 
158 CAGUWP21   (16)    6 :  0.023 0.522 0.189 0.048 0.030 0.147 0.042 
159 CAGUWP22    (8)    6 :  0.015 0.700 0.027 0.011 0.101 0.032 0.114 
160  CAGUSD1   (25)    7 :  0.819 0.017 0.007 0.022 0.014 0.054 0.067 
161  CAGUSD3   (33)    7 :  0.282 0.027 0.042 0.247 0.059 0.164 0.179 
162  CAGUSD4    (0)    7 :  0.603 0.065 0.010 0.036 0.013 0.048 0.224 
163  CAGUSD5   (25)    7 :  0.852 0.018 0.009 0.031 0.008 0.073 0.010 
164  CAGUSD7    (8)    7 :  0.468 0.217 0.008 0.022 0.018 0.254 0.013 
165  CAGUSD8    (8)    7 :  0.558 0.076 0.008 0.214 0.011 0.108 0.026 
166  CAGUSD9    (8)    7 :  0.391 0.014 0.011 0.045 0.011 0.518 0.010 
167 CAGUSD11   (16)    7 :  0.173 0.260 0.042 0.030 0.014 0.308 0.172 
168 CAGUSD12   (16)    7 :  0.145 0.036 0.015 0.276 0.014 0.483 0.031 
169 CAGUSD14    (0)    7 :  0.654 0.025 0.010 0.017 0.005 0.277 0.012 
170 CAGUSD15    (8)    7 :  0.894 0.013 0.006 0.031 0.019 0.024 0.013 
171 CAGUSD16    (8)    7 :  0.245 0.049 0.008 0.102 0.028 0.061 0.507 
172 CAGUSD17   (16)    7 :  0.111 0.099 0.037 0.410 0.018 0.298 0.027 
173 CAGUSD18   (16)    7 :  0.417 0.298 0.085 0.082 0.015 0.080 0.023 
174 CAGUSD19    (0)    7 :  0.861 0.014 0.012 0.069 0.006 0.020 0.019 
175 CAGUSD20    (0)    7 :  0.785 0.012 0.022 0.012 0.087 0.033 0.049 
176 CAGUSD21    (0)    7 :  0.502 0.333 0.005 0.017 0.006 0.116 0.021 
177 CAGUSD22    (0)    7 :  0.326 0.106 0.005 0.369 0.011 0.165 0.018 
178 CAGUSD23   (16)    7 :  0.459 0.061 0.074 0.048 0.017 0.334 0.007 
179 CAGUSD25    (8)    7 :  0.177 0.053 0.021 0.027 0.082 0.096 0.545 
180 CAGUSD27    (0)    7 :  0.928 0.029 0.004 0.009 0.004 0.011 0.015 
181 CAGUSD28   (16)    7 :  0.463 0.092 0.010 0.281 0.012 0.127 0.015 
182 CAGUSD29    (8)    7 :  0.892 0.014 0.008 0.027 0.012 0.027 0.021 
183 CAGUSD30    (0)    7 :  0.693 0.036 0.012 0.021 0.026 0.070 0.141 
184 CAGUSD32    (0)    7 :  0.832 0.069 0.018 0.020 0.011 0.038 0.012 
185 CAGUSD33   (16)    7 :  0.924 0.015 0.006 0.013 0.007 0.025 0.009 
186 CAGUSD34    (8)    7 :  0.566 0.213 0.006 0.091 0.005 0.044 0.076 
187 CAGUSD35    (0)    7 :  0.704 0.007 0.029 0.135 0.014 0.083 0.028 
188 CAGURGR1   (16)    8 :  0.678 0.020 0.006 0.016 0.009 0.023 0.248 
189 CAGURGR4    (0)    8 :  0.099 0.414 0.025 0.081 0.025 0.196 0.160 
190 CAGURGR5    (0)    8 :  0.087 0.219 0.006 0.591 0.004 0.033 0.059 
191 CAGURGR6    (8)    8 :  0.178 0.021 0.013 0.338 0.015 0.110 0.324 
192 CAGURGR7    (0)    8 :  0.876 0.008 0.042 0.030 0.008 0.024 0.012 
193 CAGURGR8    (8)    8 :  0.028 0.036 0.007 0.871 0.005 0.024 0.030 
194 CAGURGR9   (16)    8 :  0.655 0.034 0.010 0.170 0.011 0.072 0.047 
195 CAGURGR10    (0)    8 :  0.899 0.008 0.050 0.013 0.007 0.017 0.006 
196 CAGURGR11    (0)    8 :  0.566 0.082 0.005 0.028 0.005 0.039 0.275 
197 CAGURGR12    (0)    8 :  0.024 0.009 0.142 0.104 0.019 0.042 0.661 
198 CAGURGR13    (0)    8 :  0.631 0.044 0.006 0.257 0.008 0.046 0.009 
199 CAGURGR14    (0)    8 :  0.526 0.015 0.014 0.019 0.013 0.113 0.301 
200 CAGURGR15   (25)    8 :  0.935 0.018 0.005 0.012 0.007 0.013 0.010 
201 CAGURGR16   (16)    8 :  0.216 0.162 0.010 0.470 0.006 0.054 0.081 
202 CAGURGR17    (8)    8 :  0.069 0.122 0.008 0.044 0.017 0.035 0.705 
203 CAGURGR19    (0)    8 :  0.848 0.007 0.014 0.080 0.011 0.023 0.017 
204 CAGURGR21    (8)    8 :  0.258 0.261 0.013 0.149 0.061 0.245 0.013 
205 CAGURGR22    (0)    8 :  0.059 0.014 0.020 0.031 0.045 0.031 0.801 
206 CAGURGR23   (16)    8 :  0.586 0.173 0.190 0.017 0.007 0.020 0.008 
207 CAGURGR24    (8)    8 :  0.053 0.038 0.011 0.692 0.010 0.054 0.143 
208  CAGUCM1    (0)   10 :  0.442 0.020 0.021 0.121 0.049 0.338 0.010 
209  CAGUCM2    (0)   10 :  0.447 0.011 0.011 0.177 0.010 0.337 0.006 
210  CAGUCM3    (0)   10 :  0.054 0.015 0.012 0.102 0.011 0.782 0.025 
211  CAGUCM4    (0)   10 :  0.009 0.005 0.022 0.933 0.007 0.020 0.004 
212  CAGUCM5   (33)   10 :  0.243 0.077 0.011 0.040 0.014 0.606 0.009 
213  CAGUCM6    (0)   10 :  0.040 0.013 0.026 0.140 0.027 0.746 0.009 
214  CAGUCM7    (0)   10 :  0.771 0.020 0.007 0.032 0.005 0.158 0.008 
215  CAGUCM8    (0)   10 :  0.540 0.073 0.057 0.042 0.012 0.263 0.014 
216  CAGUCM9    (0)   10 :  0.219 0.032 0.006 0.111 0.006 0.618 0.007 
217 CAGUCM10    (0)   10 :  0.660 0.007 0.018 0.049 0.006 0.241 0.018 
218 CAGUCM11    (0)   10 :  0.493 0.029 0.043 0.152 0.026 0.240 0.017 
219 CAGUCM12    (8)   10 :  0.416 0.012 0.041 0.284 0.037 0.200 0.009 
220 CAGUCM13    (0)   10 :  0.402 0.010 0.067 0.203 0.009 0.303 0.007 
221 CAGULPR1    (0)   11 :  0.293 0.539 0.014 0.053 0.014 0.071 0.015 
222 CAGULPR2    (0)   11 :  0.030 0.022 0.024 0.698 0.140 0.042 0.044 
223 CAGULPR3    (0)   11 :  0.934 0.007 0.006 0.016 0.004 0.029 0.005 
224 CAGULPR4    (0)   11 :  0.475 0.040 0.008 0.029 0.019 0.419 0.010 
225 CAGULPR5    (0)   11 :  0.103 0.026 0.008 0.583 0.007 0.267 0.006 
226 CAGULPR6    (0)   11 :  0.064 0.038 0.019 0.566 0.148 0.148 0.016 
227 CAGULPR7    (0)   11 :  0.093 0.012 0.026 0.494 0.046 0.322 0.006 
228 CAGULPR8    (0)   11 :  0.925 0.014 0.008 0.017 0.005 0.024 0.007 
229 CAGULPR9    (0)   11 :  0.097 0.019 0.010 0.514 0.007 0.347 0.007 
230 CAGULPR10    (0)   11 :  0.180 0.169 0.007 0.084 0.006 0.059 0.494 
231 CAGULPR11    (0)   11 :  0.429 0.126 0.008 0.202 0.005 0.121 0.110 
232 CAGULPR12    (0)   11 :  0.237 0.543 0.040 0.074 0.005 0.092 0.010 
233 CAGULPR13    (0)   11 :  0.331 0.273 0.023 0.020 0.025 0.288 0.041 
234 CAGULPR14    (0)   11 :  0.483 0.048 0.006 0.089 0.006 0.334 0.035 
235 CAGULPR15    (0)   11 :  0.017 0.021 0.008 0.897 0.007 0.041 0.008 
236 CAGULPR16    (0)   11 :  0.116 0.095 0.041 0.044 0.087 0.433 0.185 
237 CAGULPR17    (0)   11 :  0.095 0.033 0.334 0.137 0.208 0.190 0.005 
238 CAGULPR18    (0)   11 :  0.564 0.150 0.009 0.078 0.009 0.183 0.007 
239 CAGULPR19    (0)   11 :  0.449 0.040 0.016 0.159 0.012 0.317 0.007 
240 CAGULPR20    (0)   11 :  0.536 0.312 0.030 0.033 0.008 0.068 0.014 
241 CAGULPR21    (0)   11 :  0.322 0.132 0.055 0.041 0.274 0.160 0.015 
242 CAGULPR22    (0)   11 :  0.055 0.009 0.018 0.659 0.020 0.234 0.006 
243 CAGULPR23    (0)   11 :  0.449 0.015 0.017 0.037 0.039 0.423 0.020 
244 CAGULPR24    (0)   11 :  0.318 0.092 0.027 0.421 0.015 0.116 0.010 
245 CAGULPR25    (0)   11 :  0.937 0.023 0.004 0.012 0.004 0.012 0.008 
246 CAGULPR26    (0)   11 :  0.013 0.005 0.038 0.780 0.070 0.090 0.005 
247 CAGULPR28    (0)   11 :  0.489 0.036 0.008 0.047 0.004 0.410 0.007 
248 CAGULPR29    (8)   11 :  0.113 0.028 0.021 0.555 0.016 0.259 0.009 
249  CAGUPB1    (0)   12 :  0.314 0.415 0.013 0.104 0.043 0.093 0.018 
250  CAGUPB2    (0)   12 :  0.016 0.008 0.010 0.123 0.008 0.828 0.007 
251  CAGUPB3    (0)   12 :  0.027 0.011 0.006 0.865 0.006 0.037 0.047 
252  CAGUPB4    (0)   12 :  0.034 0.011 0.014 0.788 0.012 0.131 0.010 
253  CAGUPB5    (0)   12 :  0.156 0.083 0.018 0.119 0.012 0.587 0.024 
254  CAGUPB6    (0)   12 :  0.131 0.671 0.009 0.069 0.008 0.068 0.043 
255  CAGUPB7    (0)   12 :  0.073 0.025 0.010 0.759 0.010 0.098 0.024 
256  CAGUPB8    (0)   12 :  0.226 0.043 0.007 0.203 0.008 0.444 0.069 
257  CAGUPB9    (0)   12 :  0.216 0.059 0.039 0.123 0.008 0.540 0.015 
258 CAGUPB10    (0)   12 :  0.028 0.009 0.014 0.456 0.014 0.465 0.015 
259 CAGUPB11    (8)   12 :  0.024 0.012 0.008 0.732 0.008 0.206 0.011 
260 CAGUPB12    (0)   12 :  0.032 0.420 0.068 0.221 0.058 0.192 0.009 
261 CAGUPB13    (0)   12 :  0.009 0.019 0.029 0.863 0.024 0.026 0.030 
262 CAGUPB14    (0)   12 :  0.116 0.273 0.231 0.225 0.005 0.132 0.019 
263 CAGUPB15    (0)   12 :  0.149 0.011 0.013 0.693 0.007 0.119 0.008 
264 CAGUPB16    (0)   12 :  0.175 0.008 0.009 0.436 0.013 0.350 0.009 
265 CAGUPB18    (0)   12 :  0.182 0.014 0.009 0.300 0.011 0.349 0.134 
266 CAGUPB19    (0)   12 :  0.252 0.012 0.014 0.209 0.007 0.491 0.015 
267 CAGUPB20    (0)   12 :  0.148 0.046 0.011 0.135 0.015 0.620 0.024 
268 CAGUPB22    (0)   12 :  0.061 0.016 0.013 0.401 0.017 0.480 0.011 
269 CAGUPB23   (16)   12 :  0.067 0.013 0.027 0.632 0.014 0.238 0.009 
270 CAGUPB24    (0)   12 :  0.040 0.064 0.038 0.145 0.024 0.674 0.015 
271 CAGUPB25    (0)   12 :  0.023 0.008 0.015 0.718 0.027 0.200 0.008 
272 CAGUPB26    (0)   12 :  0.018 0.046 0.185 0.660 0.016 0.067 0.009 
273 CAGUPB27    (0)   12 :  0.059 0.015 0.009 0.136 0.009 0.762 0.010 
274 CAGUPB28    (8)   12 :  0.072 0.021 0.008 0.779 0.010 0.095 0.015 
275 CAGUPB29    (0)   12 :  0.869 0.023 0.008 0.020 0.005 0.049 0.026 
276 CAGUPB30    (0)   12 :  0.695 0.022 0.009 0.144 0.005 0.108 0.017 
277 CAGUPB31    (0)   12 :  0.092 0.027 0.066 0.628 0.037 0.136 0.014 
278 CAGUPB32    (0)   12 :  0.155 0.015 0.012 0.724 0.011 0.064 0.019 
279  CAGUMB1    (0)   13 :  0.134 0.155 0.037 0.157 0.068 0.413 0.035 
280  CAGUMB2    (0)   13 :  0.213 0.248 0.031 0.076 0.035 0.344 0.052 
281  CAGUMB3    (0)   13 :  0.461 0.020 0.040 0.366 0.036 0.061 0.017 
282  CAGUMB4    (0)   13 :  0.148 0.011 0.024 0.649 0.011 0.148 0.009 
283  CAGUMB6    (0)   13 :  0.218 0.052 0.007 0.239 0.015 0.428 0.041 
284  CAGUMB8    (0)   13 :  0.335 0.015 0.009 0.102 0.007 0.200 0.332 
285  CAGUMB9    (0)   13 :  0.055 0.028 0.007 0.309 0.008 0.573 0.020 
286 CAGUMB10    (0)   13 :  0.057 0.166 0.050 0.255 0.010 0.453 0.009 
287 CAGUMB11    (0)   13 :  0.109 0.377 0.015 0.193 0.010 0.275 0.021 
288 CAGUMB12    (0)   13 :  0.134 0.276 0.008 0.353 0.018 0.138 0.074 
289 CAGUMB14    (0)   13 :  0.014 0.011 0.064 0.866 0.009 0.028 0.009 
290 CAGUMB15    (0)   13 :  0.598 0.030 0.008 0.058 0.016 0.282 0.008 
291 CAGUMB16    (0)   13 :  0.421 0.012 0.039 0.193 0.009 0.294 0.032 
292 CAGUMB17    (0)   13 :  0.301 0.025 0.026 0.209 0.043 0.359 0.037 
293 CAGUMB18    (0)   13 :  0.102 0.016 0.008 0.799 0.010 0.056 0.009 
294 CAGUMB19    (0)   13 :  0.814 0.017 0.016 0.092 0.007 0.045 0.009 
295 CAGUMB20    (0)   13 :  0.022 0.017 0.026 0.782 0.006 0.138 0.009 
296 CAGUMB21    (0)   13 :  0.748 0.085 0.010 0.062 0.006 0.083 0.007 
297 CAGUMB22    (0)   13 :  0.040 0.010 0.011 0.902 0.005 0.025 0.008 
298 CAGUMB24    (0)   13 :  0.023 0.288 0.157 0.475 0.004 0.045 0.007 
299 CAGUMB25    (0)   13 :  0.025 0.118 0.188 0.127 0.023 0.506 0.013 
300 CAGUMB26    (0)   13 :  0.382 0.236 0.007 0.083 0.017 0.259 0.015 
301 CAGUMB27    (8)   13 :  0.192 0.103 0.009 0.196 0.021 0.470 0.010 
302 CAGUMB28    (0)   13 :  0.771 0.074 0.006 0.023 0.005 0.110 0.010 
303 CAGUMB29    (0)   13 :  0.027 0.048 0.013 0.687 0.008 0.112 0.105 
304 CAGUMB30    (0)   13 :  0.015 0.014 0.063 0.693 0.020 0.188 0.007 
305 CAGUMB31    (0)   13 :  0.077 0.010 0.012 0.830 0.006 0.043 0.022 
306  CAGUFP1    (8)   14 :  0.427 0.008 0.031 0.064 0.157 0.306 0.005 
307  CAGUFP2    (8)   14 :  0.359 0.021 0.020 0.085 0.010 0.497 0.007 
308  CAGUFP3   (25)   14 :  0.468 0.045 0.011 0.031 0.009 0.426 0.008 
309  CAGUFP4    (8)   14 :  0.453 0.022 0.054 0.076 0.076 0.299 0.019 
310  CAGUFP5    (8)   14 :  0.869 0.012 0.010 0.024 0.011 0.065 0.010 
311  CAGUFP6    (0)   14 :  0.491 0.019 0.018 0.045 0.013 0.402 0.012 
312  CAGUFP7    (0)   14 :  0.264 0.095 0.089 0.112 0.029 0.348 0.063 
313  CAGUFP8   (16)   14 :  0.012 0.010 0.017 0.577 0.337 0.038 0.009 
314  CAGUFP9   (16)   14 :  0.013 0.013 0.028 0.793 0.104 0.041 0.008 
315 CAGUFP10    (0)   14 :  0.038 0.015 0.061 0.689 0.056 0.128 0.013 
316 CAGUFP11    (0)   14 :  0.060 0.024 0.010 0.709 0.048 0.123 0.027 
317 CAGUFP12    (0)   14 :  0.095 0.054 0.053 0.446 0.025 0.305 0.022 
318 CAGUFP14    (0)   14 :  0.406 0.023 0.020 0.216 0.093 0.233 0.010 
319 CAGUFP15    (0)   14 :  0.199 0.026 0.010 0.056 0.005 0.692 0.013 
320 CAGUFP16    (0)   14 :  0.167 0.034 0.435 0.049 0.051 0.240 0.024 
321 CAGUFP17    (0)   14 :  0.057 0.046 0.009 0.700 0.027 0.118 0.044 
322 CAGUFP18    (0)   14 :  0.029 0.046 0.013 0.038 0.052 0.811 0.011 
323 CAGUFP19    (0)   14 :  0.037 0.062 0.012 0.038 0.052 0.782 0.017 
324 CAGUFP20   (25)   14 :  0.590 0.024 0.007 0.135 0.007 0.222 0.014 
325 CAGUFP21    (0)   14 :  0.104 0.012 0.013 0.773 0.005 0.085 0.009 
326 CAGUFP22    (8)   14 :  0.039 0.114 0.018 0.033 0.041 0.743 0.013 
327 CAGUFP23    (0)   14 :  0.180 0.117 0.015 0.205 0.008 0.453 0.022 
328 CAGUFP24    (0)   14 :  0.068 0.047 0.009 0.678 0.013 0.155 0.030 
329 CAGUFP25    (0)   14 :  0.586 0.116 0.024 0.124 0.010 0.132 0.009 
330 CAGUFP27    (0)   14 :  0.036 0.009 0.022 0.843 0.033 0.051 0.006 
331 CAGUFP28   (16)   14 :  0.567 0.076 0.009 0.143 0.006 0.088 0.112 
332 CAGUFP29    (0)   14 :  0.628 0.046 0.070 0.070 0.012 0.156 0.018 
333 CAGUFP30    (0)   14 :  0.908 0.016 0.007 0.025 0.005 0.029 0.009 
334 CAGUFP31    (0)   14 :  0.480 0.007 0.101 0.234 0.073 0.097 0.008 
335 CAGUFP32    (8)   14 :  0.859 0.010 0.016 0.027 0.022 0.054 0.011 
336 CAGUFP33    (8)   14 :  0.268 0.025 0.153 0.125 0.006 0.297 0.125 
337 CAGUFP34    (0)   14 :  0.419 0.142 0.028 0.192 0.009 0.200 0.010 
338 CAGUDIX1    (0)   15 :  0.273 0.014 0.121 0.256 0.032 0.280 0.024 
339 CAGUDIX2    (0)   15 :  0.250 0.008 0.038 0.445 0.014 0.235 0.010 
340 CAGUDIX3    (0)   15 :  0.038 0.015 0.063 0.550 0.074 0.248 0.012 
341 CAGUDIX4    (0)   15 :  0.070 0.010 0.108 0.077 0.056 0.657 0.022 
342 CAGUDIX5    (0)   15 :  0.039 0.011 0.176 0.724 0.008 0.034 0.009 
343 CAGUDIX6    (0)   15 :  0.014 0.010 0.018 0.873 0.013 0.064 0.008 
344 CAGUDIX7    (0)   15 :  0.162 0.033 0.008 0.535 0.010 0.238 0.014 
345 CAGUDIX8    (0)   15 :  0.021 0.011 0.049 0.423 0.014 0.477 0.005 
346 CAGUDIX9    (0)   15 :  0.275 0.021 0.007 0.127 0.011 0.542 0.017 
347 CAGUDIX10    (0)   15 :  0.483 0.015 0.009 0.144 0.005 0.285 0.057 
348 CAGUDIX11    (8)   15 :  0.189 0.013 0.017 0.089 0.029 0.652 0.011 
349 CAGUDIX12    (0)   15 :  0.806 0.018 0.030 0.061 0.012 0.060 0.012 
350 CAGUDIX13    (0)   15 :  0.523 0.021 0.087 0.049 0.024 0.184 0.112 
351 CAGUDIX14    (8)   15 :  0.430 0.017 0.440 0.042 0.008 0.057 0.006 
352 CAGUDIX15   (25)   15 :  0.208 0.035 0.011 0.508 0.010 0.221 0.008 
353 CAGUDIX16    (0)   15 :  0.474 0.079 0.035 0.133 0.007 0.257 0.014 
354 CAGUDIX17    (0)   15 :  0.038 0.008 0.016 0.867 0.014 0.052 0.005 
355 CAGUDIX18    (0)   15 :  0.133 0.021 0.040 0.638 0.033 0.121 0.014 
356 CAGUDIX19    (0)   15 :  0.051 0.313 0.007 0.577 0.006 0.034 0.013 
357 CAGUDIX20    (0)   15 :  0.245 0.015 0.137 0.409 0.017 0.172 0.005 
358 CAGUDIX21   (16)   15 :  0.103 0.013 0.015 0.448 0.011 0.399 0.011 
359 CAGUDIX22    (0)   15 :  0.235 0.026 0.017 0.272 0.040 0.405 0.006 
360 CAGUDIX23    (0)   15 :  0.496 0.012 0.178 0.163 0.015 0.126 0.009 
361 CAGUDIX24    (0)   15 :  0.220 0.022 0.009 0.542 0.005 0.180 0.022 
362 CAGUDIX25    (0)   15 :  0.045 0.045 0.404 0.135 0.014 0.346 0.012 
363 CAGUDIX26    (0)   15 :  0.026 0.009 0.028 0.706 0.040 0.138 0.053 
364 CAGUDIX27    (0)   15 :  0.081 0.011 0.265 0.116 0.027 0.489 0.012 
365 CAGUDIX28    (0)   15 :  0.033 0.057 0.015 0.167 0.007 0.714 0.007 
366 CAGUDIX29    (0)   15 :  0.058 0.013 0.019 0.811 0.008 0.081 0.011 
367 CAGUDIX30    (8)   15 :  0.043 0.519 0.021 0.254 0.011 0.138 0.014 
368 CAGUDIX31    (8)   15 :  0.036 0.180 0.144 0.560 0.006 0.062 0.012 
369 CAGUDIX32    (0)   15 :  0.029 0.008 0.046 0.814 0.044 0.052 0.006 
370 CAGUCR1151    (0)   16 :  0.025 0.039 0.089 0.232 0.239 0.253 0.123 
371 CAGUCR1152   (16)   16 :  0.012 0.014 0.174 0.045 0.289 0.441 0.025 
372  CAGUSL1    (8)   17 :  0.062 0.046 0.015 0.026 0.724 0.074 0.053 
373  CAGUSL2    (0)   17 :  0.069 0.012 0.026 0.297 0.093 0.493 0.010 
374  CAGUSL3    (0)   17 :  0.026 0.154 0.018 0.049 0.462 0.256 0.036 
375  CAGUSL4    (0)   17 :  0.044 0.010 0.161 0.047 0.690 0.041 0.007 
376  CAGUSL5    (0)   17 :  0.145 0.027 0.059 0.110 0.565 0.089 0.006 
377  CAGUSL6    (0)   17 :  0.055 0.063 0.040 0.276 0.445 0.101 0.021 
378  CAGUSL7    (0)   17 :  0.178 0.077 0.072 0.045 0.108 0.481 0.039 
379  CAGUSL8    (0)   17 :  0.042 0.036 0.172 0.076 0.315 0.313 0.047 
380  CAGUSL9   (25)   17 :  0.070 0.017 0.016 0.783 0.032 0.070 0.012 
381 CAGUSL10    (8)   17 :  0.210 0.057 0.020 0.026 0.494 0.182 0.011 
382 CAGUSL11   (16)   17 :  0.046 0.016 0.158 0.047 0.597 0.127 0.010 
383 CAGUSL12    (0)   17 :  0.193 0.055 0.021 0.054 0.465 0.188 0.025 
384 CAGUSL13    (0)   17 :  0.063 0.095 0.018 0.051 0.655 0.100 0.017 
385 CAGUSL14    (0)   17 :  0.081 0.035 0.026 0.075 0.068 0.707 0.008 
386 CAGUSL15    (8)   17 :  0.074 0.035 0.041 0.061 0.428 0.326 0.035 
387 CAGUSL16    (0)   17 :  0.215 0.021 0.025 0.069 0.121 0.512 0.037 
388 CAGUSL17    (8)   17 :  0.012 0.005 0.934 0.012 0.014 0.014 0.009 
389 CAGUSL18    (0)   17 :  0.080 0.123 0.024 0.063 0.575 0.067 0.067 
390 CAGUSL19    (0)   17 :  0.144 0.034 0.094 0.377 0.083 0.172 0.095 
391 CAGUSL20    (8)   17 :  0.066 0.023 0.050 0.042 0.745 0.056 0.018 
392 CAGUSL21    (0)   17 :  0.144 0.038 0.037 0.062 0.610 0.087 0.022 
393 CAGUSL22    (0)   17 :  0.261 0.032 0.033 0.112 0.377 0.150 0.035 
394 CAGUSL23    (8)   17 :  0.031 0.012 0.023 0.216 0.647 0.057 0.013 
395 CAGUSL24    (0)   17 :  0.098 0.124 0.050 0.041 0.054 0.625 0.007 
396 CAGUSL25    (8)   17 :  0.249 0.064 0.071 0.092 0.028 0.455 0.041 
397 CAGUSL26    (8)   17 :  0.053 0.017 0.025 0.493 0.031 0.372 0.010 
398 CAGUSL27    (0)   17 :  0.021 0.020 0.010 0.020 0.901 0.017 0.010 
399 CAGUSL28    (0)   17 :  0.095 0.095 0.092 0.196 0.405 0.105 0.011 
400 CAGUSL29    (0)   17 :  0.100 0.014 0.029 0.680 0.010 0.157 0.011 
401 CAGUSL30    (0)   17 :  0.056 0.013 0.026 0.163 0.562 0.159 0.021 
402 CAGUSL31    (0)   17 :  0.031 0.023 0.015 0.290 0.490 0.142 0.010 
403 CAGUSL32    (8)   17 :  0.015 0.006 0.043 0.793 0.028 0.107 0.008 
404  CAGUSR1    (0)   18 :  0.031 0.045 0.011 0.032 0.730 0.040 0.110 
405  CAGUSR2    (8)   18 :  0.036 0.109 0.034 0.029 0.720 0.042 0.031 
406  CAGUSR3    (8)   18 :  0.009 0.010 0.019 0.009 0.934 0.012 0.008 
407  CAGUSR4    (8)   18 :  0.057 0.024 0.038 0.064 0.712 0.065 0.039 
408  CAGUSR5    (0)   18 :  0.049 0.010 0.012 0.054 0.817 0.038 0.020 
409  CAGUSR6    (0)   18 :  0.240 0.041 0.059 0.364 0.074 0.205 0.018 
410  CAGUSR7    (0)   18 :  0.011 0.103 0.039 0.091 0.709 0.022 0.025 
411  CAGUSR8    (8)   18 :  0.053 0.006 0.082 0.096 0.691 0.065 0.006 
412  CAGUSR9    (8)   18 :  0.006 0.010 0.005 0.005 0.964 0.006 0.003 
413 CAGUSR10    (8)   18 :  0.008 0.009 0.017 0.011 0.924 0.012 0.020 
414 CAGUSR11    (0)   18 :  0.014 0.044 0.035 0.162 0.599 0.135 0.012 
415 CAGUSR12    (8)   18 :  0.011 0.005 0.028 0.032 0.767 0.097 0.061 
416 CAGUSR13   (16)   18 :  0.015 0.033 0.046 0.044 0.819 0.030 0.013 
417 CAGUSR14    (0)   18 :  0.090 0.045 0.051 0.075 0.654 0.049 0.036 
418 CAGUSR15    (8)   18 :  0.037 0.018 0.193 0.118 0.460 0.146 0.027 
419 CAGUSR16    (8)   18 :  0.113 0.027 0.190 0.151 0.207 0.226 0.085 
420 CAGUSR17    (0)   18 :  0.041 0.030 0.014 0.019 0.860 0.024 0.011 
421 CAGUSR18    (0)   18 :  0.055 0.016 0.155 0.163 0.337 0.158 0.115 
422 CAGUSR19    (8)   18 :  0.016 0.060 0.099 0.101 0.661 0.057 0.006 
423 CAGUSR20    (0)   18 :  0.014 0.058 0.015 0.151 0.696 0.027 0.039 
424 CAGUSR21    (0)   18 :  0.028 0.190 0.028 0.028 0.660 0.021 0.045 
425 CAGUSR22    (0)   18 :  0.017 0.011 0.013 0.018 0.858 0.013 0.070 
426 CAGUSR23    (0)   18 :  0.081 0.031 0.084 0.366 0.046 0.359 0.034 
427 CAGUSR24    (0)   18 :  0.072 0.114 0.035 0.415 0.099 0.231 0.034 
428 CAGUSR25    (8)   18 :  0.081 0.022 0.023 0.037 0.436 0.376 0.025 
429 CAGUSR26    (0)   18 :  0.010 0.049 0.277 0.023 0.379 0.256 0.006 
430 CAGUSR27    (0)   18 :  0.023 0.050 0.014 0.018 0.693 0.196 0.006 
431 CAGUSR28    (0)   18 :  0.016 0.011 0.008 0.013 0.925 0.013 0.014 
432 CAGUSR29    (0)   18 :  0.014 0.006 0.056 0.195 0.443 0.270 0.016 
433 CAGUSR30    (8)   18 :  0.015 0.007 0.631 0.115 0.136 0.047 0.050 
434 CAGUSR31    (0)   18 :  0.032 0.101 0.078 0.033 0.702 0.041 0.013 
435 CAGUSR32    (0)   18 :  0.007 0.005 0.015 0.010 0.943 0.011 0.009 
436 CAGUDCR1    (0)   19 :  0.010 0.006 0.010 0.008 0.944 0.011 0.012 
437 CAGUDCR2    (8)   19 :  0.039 0.018 0.139 0.131 0.544 0.109 0.020 
438 CAGUDCR3    (0)   19 :  0.033 0.016 0.020 0.023 0.858 0.024 0.028 
439 CAGUDCR4    (0)   19 :  0.006 0.005 0.005 0.005 0.969 0.006 0.004 
440 CAGUDCR5    (8)   19 :  0.011 0.009 0.007 0.011 0.942 0.010 0.009 
441 CAGUDCR6    (0)   19 :  0.005 0.004 0.010 0.008 0.961 0.007 0.004 
442 CAGUDCR7    (0)   19 :  0.007 0.005 0.018 0.006 0.952 0.007 0.005 
443 CAGUDCR8    (0)   19 :  0.026 0.073 0.046 0.024 0.782 0.031 0.018 
444 CAGUDCR9   (16)   19 :  0.005 0.005 0.008 0.005 0.967 0.006 0.004 
445 CAGUDCR10    (0)   19 :  0.006 0.005 0.005 0.005 0.797 0.006 0.177 
446 CAGUDCR11    (0)   19 :  0.025 0.010 0.013 0.024 0.891 0.020 0.018 
447 CAGUDCR12    (0)   19 :  0.009 0.007 0.097 0.014 0.855 0.014 0.005 
448 CAGUDCR13    (0)   19 :  0.013 0.020 0.046 0.012 0.884 0.013 0.011 
449 CAGUDCR15    (0)   19 :  0.007 0.006 0.007 0.005 0.962 0.007 0.006 
450 CAGUDCR16    (0)   19 :  0.010 0.010 0.153 0.011 0.770 0.010 0.036 
451 CAGUDCR17    (0)   19 :  0.005 0.004 0.007 0.017 0.953 0.007 0.006 
452 CAGUDCR18    (0)   19 :  0.012 0.006 0.034 0.034 0.884 0.024 0.006 
453 CAGUDCR19    (0)   19 :  0.039 0.029 0.009 0.110 0.721 0.079 0.012 
454 CAGUDCR20    (0)   19 :  0.006 0.004 0.011 0.011 0.954 0.007 0.007 
455 CAGUDCR21    (8)   19 :  0.024 0.008 0.044 0.015 0.875 0.013 0.021 
456 CAGUDCR22   (16)   19 :  0.016 0.012 0.011 0.026 0.905 0.022 0.008 
457 CAGUDCR23    (8)   19 :  0.008 0.008 0.012 0.007 0.949 0.010 0.004 
458 CAGUDCR24    (0)   19 :  0.006 0.004 0.007 0.005 0.968 0.005 0.005 
459 CAGUDCR25    (0)   19 :  0.005 0.008 0.008 0.005 0.965 0.006 0.004 
460 CAGUDCR26    (8)   19 :  0.019 0.013 0.007 0.013 0.903 0.015 0.030 
461 CAGUDCR27    (8)   19 :  0.024 0.007 0.012 0.027 0.739 0.179 0.011 
462 CAGUDCR28    (8)   19 :  0.007 0.005 0.007 0.008 0.961 0.007 0.005 
463 CAGUDCR29    (0)   19 :  0.007 0.007 0.005 0.006 0.960 0.008 0.007 
464 CAGUDCR30    (0)   19 :  0.005 0.004 0.017 0.005 0.960 0.006 0.004 
465 CAGUDCR31    (0)   19 :  0.004 0.004 0.005 0.004 0.975 0.004 0.004 
466 CAGUDCR32   (16)   19 :  0.005 0.004 0.011 0.006 0.963 0.007 0.004 
467 CAGUSCR1    (8)   20 :  0.014 0.006 0.038 0.039 0.873 0.026 0.004 
468 CAGUSCR2    (8)   20 :  0.015 0.014 0.106 0.009 0.830 0.012 0.014 
469 CAGUSCR3    (0)   20 :  0.006 0.004 0.006 0.005 0.968 0.005 0.005 
470 CAGUSCR4    (8)   20 :  0.013 0.008 0.014 0.111 0.821 0.028 0.005 
471 CAGUSCR5    (0)   20 :  0.010 0.314 0.087 0.014 0.535 0.034 0.005 
472 CAGUSCR6    (0)   20 :  0.007 0.020 0.009 0.008 0.941 0.009 0.005 
473 CAGUSCR7    (8)   20 :  0.008 0.019 0.042 0.012 0.892 0.014 0.013 
474 CAGUSCR8   (25)   20 :  0.011 0.009 0.258 0.013 0.674 0.022 0.013 
475 CAGUSCR9    (8)   20 :  0.004 0.008 0.008 0.004 0.967 0.005 0.004 
476 CAGUSCR10    (8)   20 :  0.004 0.003 0.007 0.005 0.972 0.004 0.005 
477 CAGUSCR11   (25)   20 :  0.028 0.012 0.117 0.025 0.738 0.051 0.030 
478 CAGUSCR12    (0)   20 :  0.034 0.008 0.113 0.083 0.700 0.052 0.009 
479 CAGUSCR13    (0)   20 :  0.012 0.010 0.053 0.020 0.879 0.020 0.006 
480 CAGUSCR14    (0)   20 :  0.004 0.003 0.013 0.007 0.961 0.007 0.006 
481 CAGUSCR15    (0)   20 :  0.053 0.016 0.570 0.074 0.211 0.065 0.011 
482 CAGUSCR16    (0)   20 :  0.008 0.008 0.008 0.008 0.947 0.009 0.012 
483 CAGUSCR17    (8)   20 :  0.005 0.006 0.014 0.008 0.954 0.008 0.005 
484 CAGUSCR18    (0)   20 :  0.004 0.003 0.007 0.005 0.971 0.005 0.004 
485 CAGUSCR19   (25)   20 :  0.013 0.040 0.744 0.015 0.154 0.024 0.010 
486 CAGUSCR20   (25)   20 :  0.008 0.005 0.013 0.013 0.938 0.010 0.012 
487 CAGUSCR21    (0)   20 :  0.016 0.186 0.558 0.022 0.171 0.022 0.025 
488 CAGUSCR22   (16)   20 :  0.011 0.055 0.018 0.009 0.883 0.011 0.013 
489 CAGUSCR23    (0)   20 :  0.009 0.005 0.010 0.008 0.952 0.010 0.006 
490 CAGUSCR24    (8)   20 :  0.007 0.007 0.007 0.008 0.957 0.008 0.006 
491 CAGUSCR25   (16)   20 :  0.007 0.006 0.016 0.008 0.947 0.009 0.007 
492 CAGUSCR26    (8)   20 :  0.008 0.017 0.016 0.013 0.929 0.012 0.005 
493 CAGUSCR27    (8)   20 :  0.017 0.067 0.025 0.014 0.803 0.028 0.045 
494 CAGUSCR28    (0)   20 :  0.005 0.005 0.007 0.006 0.966 0.006 0.006 
495 CAGUSCR29    (8)   20 :  0.007 0.005 0.011 0.019 0.937 0.015 0.006 
496 CAGUSCR30   (16)   20 :  0.004 0.005 0.007 0.006 0.969 0.006 0.004 
497  CAGURC2    (8)   21 :  0.044 0.036 0.021 0.091 0.585 0.072 0.151 
498  CAGURC3    (8)   21 :  0.008 0.010 0.414 0.049 0.408 0.094 0.017 
499  CAGURC4    (0)   21 :  0.014 0.269 0.084 0.061 0.534 0.018 0.021 
500  CAGURC6    (0)   21 :  0.016 0.015 0.735 0.013 0.192 0.024 0.006 
501  CAGURC7    (0)   21 :  0.009 0.012 0.806 0.014 0.040 0.012 0.107 
502 CAGURC10    (0)   21 :  0.033 0.098 0.488 0.023 0.236 0.103 0.019 
503 CAGURC11    (0)   21 :  0.039 0.035 0.074 0.249 0.010 0.476 0.118 
504 CAGURC13   (25)   21 :  0.015 0.024 0.897 0.010 0.032 0.014 0.009 
505 CAGURC19    (0)   21 :  0.012 0.006 0.558 0.324 0.038 0.050 0.013 
506 CAGURC20    (8)   21 :  0.053 0.023 0.016 0.219 0.550 0.065 0.073 
