

----------------------------------------------------
STRUCTURE by Pritchard, Stephens and Donnelly (2000)
     and Falush, Stephens and Pritchard (2003)
       Code by Pritchard, Falush and Hubisz
             Version 2.3.4 (Jul 2012)
----------------------------------------------------



Command line arguments:   bin/structure -m "/Users/Calochortus/Desktop/CAGU_Struct_NoBJ/CAGU_NoBJ/100/mainparams" -e "/Users/Calochortus/Desktop/CAGU_Struct_NoBJ/CAGU_NoBJ/100/extraparams" 
Input File:    /Users/Calochortus/Desktop/CAGU_Struct_NoBJ/CAGU_NoBJ/project_data

Run parameters:
   604 individuals
   12 loci
   7 populations assumed
   100000 Burn-in period
   100000 Reps


--------------------------------------------
Proportion of membership of each pre-defined
 population in each of the 7 clusters

Given    Inferred Clusters                                   Number of
 Pop       1      2      3      4      5      6      7      Individuals

  1:     0.014  0.915  0.007  0.015  0.016  0.016  0.017       32
  2:     0.012  0.024  0.014  0.031  0.042  0.089  0.789       31
  3:     0.021  0.058  0.022  0.058  0.049  0.294  0.498       33
  4:     0.012  0.017  0.007  0.027  0.049  0.091  0.797       28
  5:     0.014  0.103  0.021  0.079  0.080  0.178  0.524       24
  6:     0.071  0.043  0.029  0.021  0.027  0.233  0.577       11
  7:     0.020  0.086  0.020  0.104  0.553  0.129  0.087       28
  8:     0.031  0.200  0.015  0.195  0.400  0.063  0.096       20
 10:     0.027  0.012  0.018  0.229  0.432  0.259  0.023       13
 11:     0.031  0.040  0.046  0.271  0.358  0.139  0.115       28
 12:     0.032  0.024  0.016  0.471  0.171  0.201  0.086       30
 13:     0.036  0.035  0.018  0.379  0.259  0.175  0.099       27
 14:     0.047  0.024  0.046  0.278  0.351  0.210  0.044       32
 15:     0.088  0.019  0.020  0.406  0.221  0.199  0.048       32
 16:     0.144  0.077  0.288  0.179  0.021  0.263  0.027        2
 17:     0.080  0.025  0.379  0.189  0.110  0.176  0.042       32
 18:     0.079  0.033  0.617  0.100  0.045  0.085  0.041       32
 19:     0.027  0.016  0.893  0.019  0.014  0.020  0.011       31
 20:     0.094  0.010  0.815  0.020  0.012  0.025  0.025       30
 21:     0.423  0.062  0.232  0.110  0.029  0.080  0.063       13
 22:     0.692  0.021  0.110  0.072  0.024  0.044  0.037       31
 23:     0.657  0.036  0.138  0.065  0.031  0.050  0.022       30
 24:     0.727  0.027  0.021  0.051  0.059  0.089  0.026       34
--------------------------------------------

Allele-freq. divergence among pops (Net nucleotide distance),
computed using point estimates of P.

      1       2       3       4       5       6       7      
 1      -    0.2304  0.1110  0.1018  0.1539  0.1194  0.2373  
 2   0.2304     -    0.3358  0.1588  0.1612  0.1362  0.1523  
 3   0.1110  0.3358     -    0.1944  0.2521  0.2055  0.3586  
 4   0.1018  0.1588  0.1944     -    0.0339  0.0411  0.1255  
 5   0.1539  0.1612  0.2521  0.0339     -    0.0373  0.1081  
 6   0.1194  0.1362  0.2055  0.0411  0.0373     -    0.0593  
 7   0.2373  0.1523  0.3586  0.1255  0.1081  0.0593     -    

Average distances (expected heterozygosity) between individuals in same cluster:
cluster  1  : 0.6333 
cluster  2  : 0.3430 
cluster  3  : 0.4300 
cluster  4  : 0.5584 
cluster  5  : 0.4780 
cluster  6  : 0.5503 
cluster  7  : 0.3632 

--------------------------------------------
Estimated Ln Prob of Data   = -14062.2
Mean value of ln likelihood = -13439.2
Variance of ln likelihood   = 1245.9
Mean value of alpha         = 0.0584

Mean value of Fst_1         = 0.1215
Mean value of Fst_2         = 0.4894
Mean value of Fst_3         = 0.3223
Mean value of Fst_4         = 0.0950
Mean value of Fst_5         = 0.1790
Mean value of Fst_6         = 0.1704
Mean value of Fst_7         = 0.4332


Inferred ancestry of individuals:
        Label (%Miss) Pop:  Inferred clusters
  1 CAGUABR1    (8)    1 :  0.006 0.945 0.007 0.008 0.009 0.010 0.015 
  2 CAGUABR2    (0)    1 :  0.019 0.730 0.011 0.086 0.054 0.078 0.022 
  3 CAGUABR3    (8)    1 :  0.005 0.956 0.006 0.006 0.009 0.009 0.009 
  4 CAGUABR4    (8)    1 :  0.005 0.959 0.005 0.008 0.008 0.008 0.008 
  5 CAGUABR5    (8)    1 :  0.007 0.918 0.009 0.011 0.013 0.020 0.021 
  6 CAGUABR6    (8)    1 :  0.007 0.924 0.007 0.015 0.019 0.013 0.016 
  7 CAGUABR7    (0)    1 :  0.003 0.968 0.003 0.005 0.006 0.005 0.009 
  8 CAGUABR8    (0)    1 :  0.009 0.930 0.008 0.016 0.017 0.012 0.008 
  9 CAGUABR9    (0)    1 :  0.005 0.954 0.009 0.010 0.007 0.007 0.008 
 10 CAGUABR10    (0)    1 :  0.007 0.900 0.006 0.020 0.022 0.016 0.030 
 11 CAGUABR11    (8)    1 :  0.005 0.939 0.005 0.009 0.010 0.009 0.022 
 12 CAGUABR12    (8)    1 :  0.035 0.733 0.018 0.024 0.049 0.066 0.075 
 13 CAGUABR13    (0)    1 :  0.004 0.942 0.005 0.007 0.012 0.010 0.021 
 14 CAGUABR14    (8)    1 :  0.009 0.889 0.013 0.014 0.015 0.028 0.031 
 15 CAGUABR15    (8)    1 :  0.005 0.961 0.006 0.006 0.007 0.007 0.007 
 16 CAGUABR16   (16)    1 :  0.183 0.760 0.007 0.012 0.012 0.013 0.012 
 17 CAGUABR17    (0)    1 :  0.005 0.893 0.008 0.029 0.014 0.018 0.032 
 18 CAGUABR18    (8)    1 :  0.005 0.920 0.005 0.008 0.009 0.014 0.039 
 19 CAGUABR19    (8)    1 :  0.005 0.948 0.004 0.008 0.014 0.013 0.008 
 20 CAGUABR20    (0)    1 :  0.005 0.964 0.005 0.005 0.006 0.007 0.007 
 21 CAGUABR21    (0)    1 :  0.006 0.906 0.006 0.009 0.027 0.014 0.031 
 22 CAGUABR22    (8)    1 :  0.006 0.956 0.005 0.008 0.007 0.007 0.010 
 23 CAGUABR23    (8)    1 :  0.012 0.931 0.014 0.009 0.008 0.011 0.014 
 24 CAGUABR24    (8)    1 :  0.013 0.858 0.015 0.053 0.028 0.019 0.015 
 25 CAGUABR25    (8)    1 :  0.004 0.968 0.004 0.005 0.005 0.005 0.009 
 26 CAGUABR26    (8)    1 :  0.005 0.966 0.005 0.006 0.006 0.006 0.007 
 27 CAGUABR27    (8)    1 :  0.020 0.874 0.005 0.021 0.053 0.013 0.014 
 28 CAGUABR28    (0)    1 :  0.003 0.967 0.003 0.005 0.006 0.006 0.009 
 29 CAGUABR29    (0)    1 :  0.005 0.960 0.004 0.007 0.007 0.007 0.010 
 30 CAGUABR30    (8)    1 :  0.005 0.895 0.005 0.014 0.035 0.035 0.010 
 31 CAGUABR31    (0)    1 :  0.005 0.966 0.004 0.006 0.006 0.006 0.006 
 32 CAGUABR32    (8)    1 :  0.036 0.895 0.008 0.018 0.016 0.019 0.007 
 33  CAGUAD1    (0)    2 :  0.024 0.056 0.026 0.021 0.027 0.039 0.806 
 34  CAGUAD2    (0)    2 :  0.009 0.027 0.008 0.057 0.225 0.052 0.621 
 35  CAGUAD3    (0)    2 :  0.009 0.023 0.010 0.095 0.087 0.108 0.667 
 36  CAGUAD4   (25)    2 :  0.006 0.049 0.004 0.009 0.012 0.012 0.908 
 37  CAGUAD5    (8)    2 :  0.008 0.045 0.004 0.025 0.014 0.256 0.647 
 38  CAGUAD6    (0)    2 :  0.005 0.010 0.005 0.011 0.028 0.013 0.929 
 39  CAGUAD7    (0)    2 :  0.004 0.008 0.004 0.006 0.008 0.012 0.958 
 40  CAGUAD8    (8)    2 :  0.004 0.012 0.005 0.006 0.011 0.013 0.949 
 41  CAGUAD9    (0)    2 :  0.009 0.012 0.009 0.013 0.012 0.017 0.928 
 42 CAGUAD10   (25)    2 :  0.006 0.017 0.006 0.018 0.030 0.042 0.880 
 43 CAGUAD11    (0)    2 :  0.006 0.007 0.005 0.011 0.013 0.012 0.945 
 44 CAGUAD12    (0)    2 :  0.008 0.160 0.009 0.020 0.033 0.044 0.725 
 45 CAGUAD13    (0)    2 :  0.010 0.077 0.007 0.013 0.011 0.035 0.847 
 46 CAGUAD14    (0)    2 :  0.006 0.014 0.005 0.009 0.019 0.045 0.902 
 47 CAGUAD15    (0)    2 :  0.006 0.007 0.006 0.009 0.014 0.045 0.913 
 48 CAGUAD16    (0)    2 :  0.004 0.008 0.003 0.006 0.007 0.009 0.964 
 49 CAGUAD17    (0)    2 :  0.008 0.005 0.008 0.017 0.033 0.042 0.887 
 50 CAGUAD18    (0)    2 :  0.021 0.017 0.016 0.217 0.041 0.102 0.585 
 51 CAGUAD19    (0)    2 :  0.014 0.031 0.006 0.119 0.079 0.104 0.648 
 52 CAGUAD20    (0)    2 :  0.006 0.022 0.005 0.020 0.074 0.018 0.855 
 53 CAGUAD21    (0)    2 :  0.040 0.015 0.037 0.039 0.018 0.030 0.821 
 54 CAGUAD22    (0)    2 :  0.012 0.010 0.009 0.009 0.010 0.036 0.913 
 55 CAGUAD23    (0)    2 :  0.008 0.011 0.011 0.009 0.013 0.101 0.846 
 56 CAGUAD24    (0)    2 :  0.013 0.007 0.051 0.009 0.009 0.341 0.570 
 57 CAGUAD25    (0)    2 :  0.017 0.010 0.006 0.029 0.032 0.521 0.384 
 58 CAGUAD26   (16)    2 :  0.006 0.009 0.005 0.009 0.013 0.268 0.690 
 59 CAGUAD27    (0)    2 :  0.043 0.006 0.092 0.057 0.023 0.020 0.759 
 60 CAGUAD28    (0)    2 :  0.018 0.035 0.005 0.010 0.052 0.275 0.604 
 61 CAGUAD29    (0)    2 :  0.017 0.006 0.053 0.028 0.236 0.094 0.567 
 62 CAGUAD30    (0)    2 :  0.014 0.019 0.009 0.026 0.080 0.029 0.823 
 63 CAGUAD32    (0)    2 :  0.010 0.006 0.005 0.025 0.030 0.021 0.902 
 64  CAGUBH1    (0)    3 :  0.011 0.017 0.016 0.019 0.040 0.372 0.525 
 65  CAGUBH2    (0)    3 :  0.005 0.007 0.005 0.008 0.012 0.309 0.655 
 66  CAGUBH3   (25)    3 :  0.011 0.018 0.012 0.023 0.045 0.209 0.681 
 67  CAGUBH4    (0)    3 :  0.007 0.034 0.010 0.007 0.009 0.017 0.916 
 68  CAGUBH5    (0)    3 :  0.006 0.009 0.006 0.010 0.029 0.373 0.569 
 69  CAGUBH6    (0)    3 :  0.005 0.014 0.006 0.007 0.010 0.016 0.943 
 70  CAGUBH7    (0)    3 :  0.021 0.018 0.016 0.020 0.022 0.292 0.611 
 71  CAGUBH8   (25)    3 :  0.019 0.008 0.017 0.023 0.018 0.410 0.505 
 72  CAGUBH9    (8)    3 :  0.006 0.010 0.006 0.009 0.022 0.370 0.578 
 73 CAGUBH10    (0)    3 :  0.022 0.018 0.016 0.019 0.025 0.282 0.619 
 74 CAGUBH11    (8)    3 :  0.015 0.020 0.026 0.021 0.011 0.249 0.659 
 75 CAGUBH12   (25)    3 :  0.010 0.013 0.011 0.009 0.015 0.355 0.587 
 76 CAGUBH13   (33)    3 :  0.015 0.137 0.010 0.076 0.037 0.033 0.691 
 77 CAGUBH14   (16)    3 :  0.012 0.013 0.018 0.772 0.028 0.077 0.081 
 78 CAGUBH15    (0)    3 :  0.006 0.005 0.006 0.010 0.051 0.098 0.823 
 79 CAGUBH16    (0)    3 :  0.007 0.018 0.005 0.019 0.124 0.106 0.721 
 80 CAGUBH18    (8)    3 :  0.023 0.177 0.053 0.012 0.028 0.425 0.281 
 81 CAGUBH19    (8)    3 :  0.009 0.007 0.030 0.011 0.062 0.433 0.449 
 82 CAGUBH20    (8)    3 :  0.017 0.018 0.016 0.045 0.141 0.615 0.149 
 83 CAGUBH21    (8)    3 :  0.008 0.344 0.024 0.010 0.018 0.179 0.418 
 84 CAGUBH22    (0)    3 :  0.042 0.235 0.008 0.224 0.065 0.102 0.324 
 85 CAGUBH23    (0)    3 :  0.011 0.007 0.006 0.032 0.066 0.276 0.601 
 86 CAGUBH25   (25)    3 :  0.048 0.011 0.052 0.020 0.022 0.396 0.450 
 87 CAGUBH26    (0)    3 :  0.027 0.042 0.069 0.136 0.075 0.421 0.230 
 88 CAGUBH27    (0)    3 :  0.006 0.009 0.010 0.008 0.013 0.370 0.584 
 89 CAGUBH28   (25)    3 :  0.009 0.011 0.106 0.093 0.177 0.582 0.021 
 90 CAGUBH29    (0)    3 :  0.232 0.007 0.028 0.022 0.073 0.416 0.222 
 91 CAGUBH30    (0)    3 :  0.010 0.015 0.010 0.050 0.155 0.107 0.653 
 92 CAGUBH31    (0)    3 :  0.009 0.011 0.007 0.011 0.008 0.242 0.713 
 93 CAGUBH32    (0)    3 :  0.010 0.041 0.011 0.014 0.038 0.398 0.489 
 94 CAGUBH34    (0)    3 :  0.018 0.007 0.032 0.065 0.055 0.411 0.411 
 95 CAGUBH36   (33)    3 :  0.010 0.592 0.019 0.110 0.051 0.109 0.109 
 96 CAGUBH37    (8)    3 :  0.020 0.010 0.045 0.013 0.081 0.649 0.181 
 97 CAGUMSR1    (0)    4 :  0.006 0.007 0.007 0.013 0.019 0.029 0.919 
 98 CAGUMSR2    (0)    4 :  0.009 0.009 0.005 0.065 0.017 0.022 0.873 
 99 CAGUMSR3    (0)    4 :  0.005 0.006 0.004 0.022 0.016 0.076 0.869 
100 CAGUMSR4    (0)    4 :  0.004 0.010 0.004 0.007 0.012 0.010 0.953 
101 CAGUMSR5    (0)    4 :  0.006 0.010 0.009 0.007 0.010 0.334 0.625 
102 CAGUMSR6    (0)    4 :  0.005 0.019 0.004 0.018 0.036 0.021 0.896 
103 CAGUMSR7    (0)    4 :  0.012 0.008 0.008 0.029 0.012 0.022 0.909 
104 CAGUMSR8    (0)    4 :  0.004 0.006 0.003 0.008 0.013 0.014 0.952 
105 CAGUMSR9    (0)    4 :  0.009 0.013 0.010 0.043 0.026 0.041 0.858 
106 CAGUMSR10    (0)    4 :  0.006 0.007 0.009 0.010 0.011 0.029 0.929 
107 CAGUMSR11    (0)    4 :  0.008 0.009 0.012 0.024 0.039 0.284 0.625 
108 CAGUMSR12    (0)    4 :  0.005 0.020 0.004 0.010 0.011 0.010 0.939 
109 CAGUMSR13    (0)    4 :  0.004 0.019 0.004 0.008 0.011 0.012 0.942 
110 CAGUMSR14    (8)    4 :  0.125 0.007 0.029 0.071 0.013 0.214 0.540 
111 CAGUMSR15    (0)    4 :  0.005 0.021 0.004 0.008 0.008 0.018 0.936 
112 CAGUMSR16    (0)    4 :  0.017 0.068 0.006 0.019 0.074 0.046 0.769 
113 CAGUMSR18    (0)    4 :  0.005 0.061 0.012 0.025 0.018 0.019 0.860 
114 CAGUMSR19    (0)    4 :  0.007 0.024 0.007 0.011 0.014 0.162 0.775 
115 CAGUMSR20    (0)    4 :  0.004 0.008 0.004 0.013 0.011 0.014 0.947 
116 CAGUMSR21    (0)    4 :  0.011 0.018 0.010 0.025 0.038 0.284 0.615 
117 CAGUMSR22    (0)    4 :  0.005 0.007 0.004 0.010 0.013 0.020 0.940 
118 CAGUMSR23    (0)    4 :  0.006 0.017 0.004 0.009 0.010 0.049 0.906 
119 CAGUMSR24    (0)    4 :  0.004 0.006 0.004 0.006 0.009 0.009 0.962 
120 CAGUMSR25    (8)    4 :  0.006 0.050 0.006 0.012 0.015 0.018 0.892 
121 CAGUMSR26    (0)    4 :  0.022 0.011 0.008 0.108 0.367 0.130 0.354 
122 CAGUMSR28    (0)    4 :  0.006 0.008 0.005 0.054 0.016 0.017 0.894 
123 CAGUMSR29   (16)    4 :  0.010 0.024 0.008 0.018 0.398 0.025 0.516 
124 CAGUMSR30    (0)    4 :  0.013 0.004 0.010 0.092 0.144 0.621 0.115 
125 CAGURAT6    (0)    5 :  0.016 0.161 0.020 0.012 0.011 0.133 0.647 
126 CAGURAT8   (16)    5 :  0.017 0.034 0.010 0.033 0.170 0.055 0.679 
127 CAGURAT10    (8)    5 :  0.005 0.015 0.005 0.010 0.026 0.056 0.883 
128 CAGURAT11    (0)    5 :  0.030 0.052 0.034 0.027 0.132 0.167 0.559 
129 CAGURAT12   (25)    5 :  0.014 0.298 0.077 0.052 0.183 0.174 0.200 
130 CAGURAT14   (25)    5 :  0.043 0.035 0.014 0.674 0.040 0.087 0.107 
131 CAGURAT15   (25)    5 :  0.009 0.060 0.043 0.021 0.022 0.072 0.772 
132 CAGURAT16   (16)    5 :  0.023 0.054 0.014 0.025 0.045 0.299 0.541 
133 CAGURAT17    (0)    5 :  0.010 0.347 0.014 0.012 0.077 0.248 0.292 
134 CAGURAT18   (41)    5 :  0.010 0.068 0.009 0.693 0.093 0.061 0.065 
135 CAGURAT19    (8)    5 :  0.019 0.010 0.026 0.015 0.025 0.177 0.728 
136 CAGURAT20   (16)    5 :  0.016 0.206 0.030 0.009 0.020 0.314 0.404 
137 CAGURAT21    (8)    5 :  0.013 0.005 0.046 0.014 0.008 0.342 0.572 
138 CAGURAT22    (8)    5 :  0.007 0.018 0.007 0.031 0.051 0.198 0.688 
139 CAGURAT23    (0)    5 :  0.006 0.023 0.005 0.016 0.035 0.076 0.837 
140 CAGURAT25    (0)    5 :  0.007 0.014 0.004 0.020 0.051 0.069 0.835 
141 CAGURAT29    (0)    5 :  0.011 0.013 0.006 0.034 0.570 0.125 0.241 
142 CAGURAT30    (0)    5 :  0.021 0.603 0.020 0.007 0.008 0.086 0.254 
143 CAGURAT31    (0)    5 :  0.008 0.006 0.006 0.014 0.100 0.374 0.492 
144 CAGURAT32    (8)    5 :  0.014 0.360 0.011 0.058 0.033 0.198 0.325 
145 CAGURAT33   (25)    5 :  0.008 0.015 0.006 0.014 0.014 0.067 0.874 
146 CAGURAT34    (0)    5 :  0.005 0.008 0.006 0.015 0.021 0.041 0.903 
147 CAGURAT35    (0)    5 :  0.009 0.008 0.072 0.013 0.119 0.498 0.281 
148 CAGURAT36    (0)    5 :  0.023 0.069 0.015 0.079 0.062 0.354 0.398 
149  CAGUWP1    (8)    6 :  0.008 0.010 0.011 0.015 0.013 0.160 0.783 
150  CAGUWP7    (8)    6 :  0.011 0.074 0.008 0.023 0.031 0.145 0.708 
151  CAGUWP9   (33)    6 :  0.009 0.012 0.016 0.007 0.011 0.177 0.767 
152 CAGUWP11   (16)    6 :  0.007 0.014 0.009 0.022 0.084 0.276 0.588 
153 CAGUWP14   (16)    6 :  0.049 0.032 0.018 0.032 0.017 0.238 0.615 
154 CAGUWP17   (16)    6 :  0.034 0.012 0.094 0.030 0.036 0.640 0.154 
155 CAGUWP18   (16)    6 :  0.009 0.025 0.029 0.021 0.043 0.156 0.717 
156 CAGUWP19    (8)    6 :  0.472 0.157 0.023 0.016 0.019 0.059 0.253 
157 CAGUWP20    (8)    6 :  0.006 0.007 0.010 0.009 0.008 0.014 0.947 
158 CAGUWP21   (16)    6 :  0.152 0.036 0.025 0.041 0.020 0.373 0.354 
159 CAGUWP22    (8)    6 :  0.023 0.095 0.073 0.011 0.015 0.321 0.462 
160  CAGUSD1   (25)    7 :  0.007 0.070 0.014 0.023 0.841 0.026 0.019 
161  CAGUSD3   (33)    7 :  0.047 0.207 0.062 0.234 0.301 0.121 0.029 
162  CAGUSD4    (0)    7 :  0.012 0.251 0.014 0.039 0.531 0.044 0.109 
163  CAGUSD5   (25)    7 :  0.009 0.012 0.008 0.033 0.896 0.024 0.019 
164  CAGUSD7    (8)    7 :  0.009 0.014 0.018 0.023 0.431 0.351 0.154 
165  CAGUSD8    (8)    7 :  0.009 0.027 0.012 0.253 0.474 0.098 0.128 
166  CAGUSD9    (8)    7 :  0.011 0.010 0.012 0.057 0.486 0.411 0.013 
167 CAGUSD11   (16)    7 :  0.050 0.182 0.015 0.034 0.160 0.284 0.274 
168 CAGUSD12   (16)    7 :  0.017 0.033 0.014 0.365 0.198 0.332 0.040 
169 CAGUSD14    (0)    7 :  0.010 0.013 0.006 0.019 0.795 0.134 0.023 
170 CAGUSD15    (8)    7 :  0.006 0.015 0.020 0.029 0.895 0.020 0.015 
171 CAGUSD16    (8)    7 :  0.008 0.512 0.027 0.096 0.253 0.048 0.057 
172 CAGUSD17   (16)    7 :  0.043 0.027 0.021 0.465 0.118 0.208 0.117 
173 CAGUSD18   (16)    7 :  0.096 0.024 0.016 0.082 0.346 0.090 0.346 
174 CAGUSD19    (0)    7 :  0.012 0.024 0.006 0.050 0.875 0.018 0.016 
175 CAGUSD20    (0)    7 :  0.021 0.059 0.082 0.013 0.772 0.040 0.012 
176 CAGUSD21    (0)    7 :  0.005 0.023 0.006 0.019 0.462 0.240 0.245 
177 CAGUSD22    (0)    7 :  0.006 0.018 0.012 0.391 0.337 0.118 0.118 
178 CAGUSD23   (16)    7 :  0.069 0.007 0.017 0.036 0.427 0.398 0.047 
179 CAGUSD25    (8)    7 :  0.019 0.521 0.074 0.025 0.162 0.162 0.037 
180 CAGUSD27    (0)    7 :  0.004 0.019 0.005 0.010 0.905 0.024 0.033 
181 CAGUSD28   (16)    7 :  0.010 0.016 0.014 0.320 0.372 0.105 0.164 
182 CAGUSD29    (8)    7 :  0.008 0.022 0.013 0.028 0.892 0.017 0.020 
183 CAGUSD30    (0)    7 :  0.014 0.166 0.028 0.027 0.645 0.059 0.060 
184 CAGUSD32    (0)    7 :  0.019 0.012 0.011 0.020 0.788 0.093 0.058 
185 CAGUSD33   (16)    7 :  0.006 0.010 0.008 0.013 0.924 0.023 0.017 
186 CAGUSD34    (8)    7 :  0.006 0.081 0.005 0.089 0.479 0.067 0.273 
187 CAGUSD35    (0)    7 :  0.030 0.029 0.016 0.124 0.730 0.063 0.008 
188 CAGURGR1   (16)    8 :  0.006 0.279 0.009 0.018 0.644 0.020 0.024 
189 CAGURGR4    (0)    8 :  0.023 0.137 0.025 0.076 0.099 0.312 0.328 
190 CAGURGR5    (0)    8 :  0.006 0.052 0.005 0.544 0.086 0.049 0.258 
191 CAGURGR6    (8)    8 :  0.014 0.334 0.016 0.329 0.204 0.082 0.020 
192 CAGURGR7    (0)    8 :  0.043 0.014 0.008 0.035 0.868 0.022 0.010 
193 CAGURGR8    (8)    8 :  0.006 0.032 0.006 0.846 0.028 0.023 0.060 
194 CAGURGR9   (16)    8 :  0.011 0.058 0.012 0.208 0.603 0.058 0.051 
195 CAGURGR10    (0)    8 :  0.054 0.006 0.007 0.017 0.897 0.012 0.008 
196 CAGURGR11    (0)    8 :  0.006 0.299 0.005 0.033 0.496 0.044 0.118 
197 CAGURGR12    (0)    8 :  0.148 0.666 0.020 0.095 0.021 0.037 0.012 
198 CAGURGR13    (0)    8 :  0.006 0.010 0.008 0.259 0.615 0.039 0.064 
199 CAGURGR14    (0)    8 :  0.015 0.312 0.013 0.024 0.547 0.073 0.017 
200 CAGURGR15   (25)    8 :  0.006 0.011 0.007 0.013 0.929 0.015 0.020 
201 CAGURGR16   (16)    8 :  0.011 0.067 0.007 0.416 0.144 0.048 0.308 
202 CAGURGR17    (8)    8 :  0.008 0.703 0.017 0.042 0.061 0.044 0.125 
203 CAGURGR19    (0)    8 :  0.015 0.018 0.011 0.081 0.845 0.020 0.009 
204 CAGURGR21    (8)    8 :  0.014 0.014 0.072 0.165 0.232 0.232 0.271 
205 CAGURGR22    (0)    8 :  0.021 0.807 0.042 0.029 0.055 0.029 0.016 
206 CAGURGR23   (16)    8 :  0.197 0.008 0.007 0.016 0.571 0.049 0.151 
207 CAGURGR24    (8)    8 :  0.012 0.168 0.011 0.645 0.057 0.050 0.057 
208  CAGUCM1    (0)   10 :  0.021 0.010 0.054 0.147 0.583 0.166 0.019 
209  CAGUCM2    (0)   10 :  0.012 0.006 0.010 0.149 0.582 0.229 0.011 
210  CAGUCM3    (0)   10 :  0.014 0.031 0.012 0.310 0.109 0.508 0.017 
211  CAGUCM4    (0)   10 :  0.022 0.004 0.007 0.930 0.010 0.021 0.005 
212  CAGUCM5   (33)   10 :  0.010 0.010 0.014 0.043 0.343 0.516 0.063 
213  CAGUCM6    (0)   10 :  0.036 0.010 0.033 0.337 0.069 0.501 0.015 
214  CAGUCM7    (0)   10 :  0.007 0.008 0.005 0.033 0.857 0.071 0.020 
215  CAGUCM8    (0)   10 :  0.054 0.014 0.013 0.041 0.535 0.283 0.060 
216  CAGUCM9    (0)   10 :  0.007 0.007 0.007 0.145 0.329 0.474 0.031 
217 CAGUCM10    (0)   10 :  0.017 0.020 0.006 0.072 0.752 0.125 0.007 
218 CAGUCM11    (0)   10 :  0.041 0.017 0.026 0.197 0.509 0.180 0.030 
219 CAGUCM12    (8)   10 :  0.038 0.009 0.037 0.316 0.483 0.104 0.013 
220 CAGUCM13    (0)   10 :  0.070 0.007 0.010 0.261 0.456 0.187 0.010 
221 CAGULPR1    (0)   11 :  0.017 0.016 0.015 0.051 0.243 0.058 0.599 
222 CAGULPR2    (0)   11 :  0.023 0.049 0.138 0.697 0.035 0.031 0.025 
223 CAGULPR3    (0)   11 :  0.006 0.005 0.004 0.015 0.940 0.022 0.007 
224 CAGULPR4    (0)   11 :  0.010 0.010 0.019 0.040 0.569 0.308 0.045 
225 CAGULPR5    (0)   11 :  0.009 0.006 0.008 0.581 0.164 0.208 0.023 
226 CAGULPR6    (0)   11 :  0.022 0.017 0.167 0.552 0.068 0.125 0.048 
227 CAGULPR7    (0)   11 :  0.025 0.006 0.046 0.542 0.100 0.265 0.015 
228 CAGULPR8    (0)   11 :  0.008 0.008 0.005 0.017 0.929 0.019 0.015 
229 CAGULPR9    (0)   11 :  0.010 0.007 0.007 0.547 0.154 0.256 0.019 
230 CAGULPR10    (0)   11 :  0.007 0.474 0.006 0.084 0.165 0.059 0.204 
231 CAGULPR11    (0)   11 :  0.009 0.105 0.005 0.219 0.438 0.071 0.153 
232 CAGULPR12    (0)   11 :  0.040 0.010 0.005 0.082 0.235 0.044 0.584 
233 CAGULPR13    (0)   11 :  0.026 0.037 0.022 0.023 0.296 0.304 0.292 
234 CAGULPR14    (0)   11 :  0.006 0.040 0.006 0.142 0.544 0.195 0.067 
235 CAGULPR15    (0)   11 :  0.008 0.009 0.007 0.893 0.020 0.042 0.021 
236 CAGULPR16    (0)   11 :  0.044 0.198 0.104 0.062 0.137 0.346 0.108 
237 CAGULPR17    (0)   11 :  0.352 0.005 0.227 0.130 0.109 0.141 0.035 
238 CAGULPR18    (0)   11 :  0.009 0.007 0.009 0.101 0.546 0.116 0.211 
239 CAGULPR19    (0)   11 :  0.016 0.006 0.013 0.162 0.630 0.128 0.045 
240 CAGULPR20    (0)   11 :  0.031 0.015 0.009 0.032 0.538 0.057 0.319 
241 CAGULPR21    (0)   11 :  0.051 0.015 0.292 0.053 0.305 0.143 0.142 
242 CAGULPR22    (0)   11 :  0.019 0.006 0.021 0.668 0.087 0.191 0.009 
243 CAGULPR23    (0)   11 :  0.018 0.021 0.043 0.043 0.639 0.222 0.014 
244 CAGULPR24    (0)   11 :  0.028 0.010 0.015 0.448 0.287 0.097 0.115 
245 CAGULPR25    (0)   11 :  0.005 0.008 0.004 0.013 0.923 0.011 0.036 
246 CAGULPR26    (0)   11 :  0.038 0.005 0.077 0.757 0.018 0.100 0.005 
247 CAGULPR28    (0)   11 :  0.008 0.006 0.005 0.045 0.708 0.191 0.037 
248 CAGULPR29    (8)   11 :  0.025 0.009 0.018 0.587 0.205 0.126 0.030 
249  CAGUPB1    (0)   12 :  0.015 0.018 0.049 0.110 0.203 0.074 0.531 
250  CAGUPB2    (0)   12 :  0.010 0.007 0.009 0.373 0.051 0.542 0.008 
251  CAGUPB3    (0)   12 :  0.007 0.062 0.006 0.847 0.028 0.038 0.012 
252  CAGUPB4    (0)   12 :  0.015 0.010 0.011 0.809 0.052 0.092 0.011 
253  CAGUPB5    (0)   12 :  0.022 0.031 0.013 0.230 0.197 0.436 0.072 
254  CAGUPB6    (0)   12 :  0.009 0.040 0.009 0.066 0.111 0.053 0.712 
255  CAGUPB7    (0)   12 :  0.010 0.026 0.011 0.796 0.092 0.037 0.028 
256  CAGUPB8    (0)   12 :  0.008 0.071 0.008 0.305 0.316 0.235 0.056 
257  CAGUPB9    (0)   12 :  0.042 0.016 0.008 0.154 0.266 0.451 0.064 
258 CAGUPB10    (0)   12 :  0.012 0.015 0.015 0.566 0.067 0.316 0.009 
259 CAGUPB11    (8)   12 :  0.009 0.010 0.007 0.816 0.042 0.103 0.012 
260 CAGUPB12    (0)   12 :  0.073 0.010 0.063 0.229 0.039 0.235 0.351 
261 CAGUPB13    (0)   12 :  0.034 0.032 0.025 0.856 0.008 0.024 0.021 
262 CAGUPB14    (0)   12 :  0.246 0.019 0.005 0.205 0.097 0.127 0.301 
263 CAGUPB15    (0)   12 :  0.013 0.008 0.007 0.712 0.201 0.047 0.011 
264 CAGUPB16    (0)   12 :  0.009 0.009 0.013 0.562 0.221 0.178 0.008 
265 CAGUPB18    (0)   12 :  0.009 0.129 0.011 0.371 0.207 0.253 0.019 
266 CAGUPB19    (0)   12 :  0.013 0.015 0.007 0.284 0.275 0.391 0.014 
267 CAGUPB20    (0)   12 :  0.012 0.027 0.018 0.180 0.216 0.499 0.049 
268 CAGUPB22    (0)   12 :  0.015 0.012 0.020 0.560 0.115 0.260 0.017 
269 CAGUPB23   (16)   12 :  0.027 0.009 0.013 0.744 0.107 0.085 0.014 
270 CAGUPB24    (0)   12 :  0.045 0.018 0.028 0.271 0.056 0.524 0.058 
271 CAGUPB25    (0)   12 :  0.016 0.008 0.025 0.836 0.042 0.064 0.009 
272 CAGUPB26    (0)   12 :  0.193 0.008 0.015 0.659 0.016 0.064 0.045 
273 CAGUPB27    (0)   12 :  0.012 0.010 0.011 0.277 0.141 0.533 0.016 
274 CAGUPB28    (8)   12 :  0.008 0.015 0.010 0.748 0.102 0.094 0.023 
275 CAGUPB29    (0)   12 :  0.008 0.031 0.005 0.017 0.882 0.034 0.023 
276 CAGUPB30    (0)   12 :  0.009 0.018 0.005 0.148 0.736 0.063 0.020 
277 CAGUPB31    (0)   12 :  0.062 0.014 0.034 0.666 0.090 0.101 0.033 
278 CAGUPB32    (0)   12 :  0.012 0.020 0.011 0.733 0.143 0.065 0.017 
279  CAGUMB1    (0)   13 :  0.037 0.039 0.082 0.203 0.140 0.361 0.138 
280  CAGUMB2    (0)   13 :  0.039 0.054 0.039 0.101 0.270 0.199 0.298 
281  CAGUMB3    (0)   13 :  0.038 0.021 0.036 0.367 0.457 0.058 0.023 
282  CAGUMB4    (0)   13 :  0.025 0.009 0.012 0.636 0.236 0.072 0.011 
283  CAGUMB6    (0)   13 :  0.007 0.039 0.016 0.337 0.214 0.323 0.064 
284  CAGUMB8    (0)   13 :  0.010 0.338 0.007 0.124 0.348 0.157 0.016 
285  CAGUMB9    (0)   13 :  0.006 0.020 0.008 0.482 0.061 0.388 0.036 
286 CAGUMB10    (0)   13 :  0.070 0.009 0.011 0.261 0.074 0.427 0.148 
287 CAGUMB11    (0)   13 :  0.016 0.024 0.011 0.218 0.107 0.268 0.356 
288 CAGUMB12    (0)   13 :  0.008 0.065 0.020 0.340 0.108 0.090 0.368 
289 CAGUMB14    (0)   13 :  0.073 0.009 0.009 0.857 0.016 0.025 0.011 
290 CAGUMB15    (0)   13 :  0.010 0.009 0.019 0.087 0.717 0.121 0.038 
291 CAGUMB16    (0)   13 :  0.045 0.033 0.010 0.211 0.566 0.123 0.012 
292 CAGUMB17    (0)   13 :  0.029 0.042 0.045 0.295 0.300 0.258 0.032 
293 CAGUMB18    (0)   13 :  0.009 0.009 0.011 0.757 0.136 0.061 0.018 
294 CAGUMB19    (0)   13 :  0.015 0.010 0.007 0.070 0.851 0.030 0.016 
295 CAGUMB20    (0)   13 :  0.026 0.010 0.006 0.758 0.028 0.155 0.017 
296 CAGUMB21    (0)   13 :  0.010 0.007 0.006 0.058 0.761 0.056 0.104 
297 CAGUMB22    (0)   13 :  0.013 0.008 0.005 0.889 0.047 0.028 0.011 
298 CAGUMB24    (0)   13 :  0.164 0.008 0.004 0.435 0.024 0.085 0.280 
299 CAGUMB25    (0)   13 :  0.207 0.012 0.034 0.112 0.031 0.517 0.088 
300 CAGUMB26    (0)   13 :  0.007 0.016 0.019 0.107 0.355 0.189 0.307 
301 CAGUMB27    (8)   13 :  0.010 0.010 0.025 0.238 0.213 0.416 0.087 
302 CAGUMB28    (0)   13 :  0.007 0.010 0.006 0.027 0.797 0.042 0.111 
303 CAGUMB29    (0)   13 :  0.014 0.098 0.008 0.712 0.032 0.075 0.061 
304 CAGUMB30    (0)   13 :  0.061 0.006 0.021 0.708 0.017 0.173 0.014 
305 CAGUMB31    (0)   13 :  0.012 0.023 0.006 0.842 0.082 0.025 0.010 
306  CAGUFP1    (8)   14 :  0.032 0.005 0.164 0.077 0.524 0.190 0.008 
307  CAGUFP2    (8)   14 :  0.021 0.007 0.009 0.099 0.549 0.297 0.017 
308  CAGUFP3   (25)   14 :  0.013 0.009 0.011 0.040 0.669 0.212 0.046 
309  CAGUFP4    (8)   14 :  0.065 0.020 0.080 0.109 0.491 0.212 0.024 
310  CAGUFP5    (8)   14 :  0.010 0.010 0.011 0.025 0.871 0.060 0.013 
311  CAGUFP6    (0)   14 :  0.018 0.012 0.014 0.081 0.537 0.317 0.021 
312  CAGUFP7    (0)   14 :  0.091 0.058 0.027 0.114 0.223 0.398 0.089 
313  CAGUFP8   (16)   14 :  0.018 0.009 0.323 0.595 0.012 0.032 0.011 
314  CAGUFP9   (16)   14 :  0.023 0.008 0.105 0.789 0.014 0.047 0.012 
315 CAGUFP10    (0)   14 :  0.060 0.014 0.055 0.728 0.039 0.090 0.015 
316 CAGUFP11    (0)   14 :  0.009 0.024 0.046 0.769 0.062 0.065 0.026 
317 CAGUFP12    (0)   14 :  0.056 0.023 0.027 0.512 0.084 0.243 0.054 
318 CAGUFP14    (0)   14 :  0.021 0.010 0.094 0.259 0.435 0.161 0.020 
319 CAGUFP15    (0)   14 :  0.011 0.014 0.005 0.083 0.325 0.538 0.024 
320 CAGUFP16    (0)   14 :  0.461 0.025 0.054 0.061 0.175 0.187 0.038 
321 CAGUFP17    (0)   14 :  0.009 0.044 0.030 0.683 0.076 0.106 0.052 
322 CAGUFP18    (0)   14 :  0.016 0.013 0.064 0.167 0.053 0.634 0.053 
323 CAGUFP19    (0)   14 :  0.017 0.017 0.075 0.068 0.050 0.718 0.055 
324 CAGUFP20   (25)   14 :  0.008 0.014 0.008 0.129 0.713 0.106 0.022 
325 CAGUFP21    (0)   14 :  0.013 0.010 0.005 0.739 0.115 0.106 0.012 
326 CAGUFP22    (8)   14 :  0.019 0.012 0.062 0.046 0.047 0.729 0.085 
327 CAGUFP23    (0)   14 :  0.016 0.022 0.008 0.270 0.197 0.361 0.127 
328 CAGUFP24    (0)   14 :  0.009 0.031 0.015 0.700 0.084 0.107 0.054 
329 CAGUFP25    (0)   14 :  0.025 0.009 0.010 0.108 0.620 0.101 0.128 
330 CAGUFP27    (0)   14 :  0.026 0.006 0.034 0.815 0.051 0.059 0.009 
331 CAGUFP28   (16)   14 :  0.010 0.113 0.006 0.150 0.477 0.082 0.162 
332 CAGUFP29    (0)   14 :  0.069 0.018 0.013 0.059 0.661 0.131 0.049 
333 CAGUFP30    (0)   14 :  0.008 0.010 0.005 0.023 0.917 0.022 0.016 
334 CAGUFP31    (0)   14 :  0.099 0.008 0.075 0.193 0.553 0.065 0.007 
335 CAGUFP32    (8)   14 :  0.017 0.011 0.021 0.035 0.865 0.039 0.012 
336 CAGUFP33    (8)   14 :  0.193 0.158 0.007 0.171 0.292 0.141 0.038 
337 CAGUFP34    (0)   14 :  0.029 0.010 0.008 0.208 0.446 0.173 0.126 
338 CAGUDIX1    (0)   15 :  0.138 0.024 0.034 0.269 0.352 0.170 0.013 
339 CAGUDIX2    (0)   15 :  0.036 0.010 0.014 0.456 0.288 0.187 0.009 
340 CAGUDIX3    (0)   15 :  0.072 0.013 0.080 0.551 0.059 0.210 0.016 
341 CAGUDIX4    (0)   15 :  0.133 0.024 0.057 0.188 0.134 0.453 0.011 
342 CAGUDIX5    (0)   15 :  0.195 0.010 0.009 0.699 0.044 0.031 0.012 
343 CAGUDIX6    (0)   15 :  0.018 0.009 0.013 0.880 0.016 0.054 0.010 
344 CAGUDIX7    (0)   15 :  0.009 0.014 0.009 0.553 0.150 0.229 0.035 
345 CAGUDIX8    (0)   15 :  0.075 0.005 0.015 0.450 0.030 0.412 0.012 
346 CAGUDIX9    (0)   15 :  0.008 0.018 0.011 0.165 0.318 0.462 0.020 
347 CAGUDIX10    (0)   15 :  0.010 0.065 0.005 0.185 0.469 0.246 0.021 
348 CAGUDIX11    (8)   15 :  0.018 0.012 0.035 0.164 0.301 0.455 0.014 
349 CAGUDIX12    (0)   15 :  0.030 0.014 0.013 0.057 0.821 0.046 0.018 
350 CAGUDIX13    (0)   15 :  0.095 0.124 0.022 0.059 0.525 0.158 0.019 
351 CAGUDIX14    (8)   15 :  0.422 0.006 0.008 0.037 0.476 0.035 0.016 
352 CAGUDIX15   (25)   15 :  0.011 0.008 0.011 0.480 0.300 0.157 0.033 
353 CAGUDIX16    (0)   15 :  0.041 0.016 0.008 0.105 0.570 0.185 0.076 
354 CAGUDIX17    (0)   15 :  0.017 0.006 0.013 0.873 0.050 0.033 0.009 
355 CAGUDIX18    (0)   15 :  0.041 0.015 0.033 0.603 0.148 0.132 0.028 
356 CAGUDIX19    (0)   15 :  0.008 0.013 0.007 0.534 0.043 0.040 0.355 
357 CAGUDIX20    (0)   15 :  0.153 0.006 0.017 0.414 0.247 0.142 0.021 
358 CAGUDIX21   (16)   15 :  0.015 0.012 0.010 0.590 0.158 0.200 0.014 
359 CAGUDIX22    (0)   15 :  0.018 0.006 0.041 0.285 0.287 0.330 0.034 
360 CAGUDIX23    (0)   15 :  0.192 0.010 0.015 0.128 0.557 0.086 0.011 
361 CAGUDIX24    (0)   15 :  0.009 0.021 0.005 0.573 0.215 0.154 0.023 
362 CAGUDIX25    (0)   15 :  0.429 0.014 0.016 0.172 0.066 0.259 0.044 
363 CAGUDIX26    (0)   15 :  0.028 0.056 0.044 0.680 0.038 0.144 0.010 
364 CAGUDIX27    (0)   15 :  0.318 0.012 0.027 0.119 0.132 0.380 0.012 
365 CAGUDIX28    (0)   15 :  0.020 0.009 0.009 0.342 0.063 0.495 0.063 
366 CAGUDIX29    (0)   15 :  0.019 0.011 0.008 0.823 0.090 0.034 0.014 
367 CAGUDIX30    (8)   15 :  0.021 0.014 0.011 0.250 0.041 0.296 0.366 
368 CAGUDIX31    (8)   15 :  0.160 0.012 0.007 0.524 0.037 0.074 0.186 
369 CAGUDIX32    (0)   15 :  0.057 0.007 0.045 0.779 0.033 0.069 0.010 
370 CAGUCR1151    (0)   16 :  0.094 0.123 0.248 0.293 0.025 0.176 0.041 
371 CAGUCR1152   (16)   16 :  0.194 0.032 0.329 0.066 0.017 0.349 0.014 
372  CAGUSL1    (8)   17 :  0.017 0.052 0.717 0.032 0.064 0.078 0.040 
373  CAGUSL2    (0)   17 :  0.031 0.011 0.112 0.315 0.113 0.406 0.012 
374  CAGUSL3    (0)   17 :  0.022 0.037 0.476 0.039 0.034 0.271 0.122 
375  CAGUSL4    (0)   17 :  0.154 0.008 0.700 0.052 0.045 0.031 0.011 
376  CAGUSL5    (0)   17 :  0.057 0.006 0.576 0.105 0.164 0.062 0.031 
377  CAGUSL6    (0)   17 :  0.041 0.023 0.467 0.253 0.065 0.101 0.051 
378  CAGUSL7    (0)   17 :  0.087 0.044 0.124 0.065 0.177 0.441 0.061 
379  CAGUSL8    (0)   17 :  0.159 0.056 0.341 0.084 0.050 0.278 0.033 
380  CAGUSL9   (25)   17 :  0.017 0.013 0.034 0.748 0.098 0.069 0.020 
381 CAGUSL10    (8)   17 :  0.020 0.011 0.505 0.028 0.232 0.139 0.065 
382 CAGUSL11   (16)   17 :  0.172 0.010 0.601 0.048 0.051 0.103 0.015 
383 CAGUSL12    (0)   17 :  0.021 0.027 0.487 0.065 0.202 0.137 0.060 
384 CAGUSL13    (0)   17 :  0.018 0.016 0.655 0.044 0.065 0.120 0.084 
385 CAGUSL14    (0)   17 :  0.034 0.009 0.098 0.154 0.141 0.521 0.042 
386 CAGUSL15    (8)   17 :  0.045 0.041 0.469 0.082 0.084 0.239 0.040 
387 CAGUSL16    (0)   17 :  0.036 0.040 0.128 0.091 0.312 0.373 0.019 
388 CAGUSL17    (8)   17 :  0.936 0.009 0.014 0.013 0.012 0.010 0.006 
389 CAGUSL18    (0)   17 :  0.025 0.058 0.555 0.061 0.071 0.127 0.103 
390 CAGUSL19    (0)   17 :  0.104 0.098 0.094 0.383 0.151 0.131 0.039 
391 CAGUSL20    (8)   17 :  0.054 0.018 0.745 0.043 0.069 0.048 0.023 
392 CAGUSL21    (0)   17 :  0.039 0.024 0.613 0.063 0.150 0.072 0.040 
393 CAGUSL22    (0)   17 :  0.035 0.034 0.391 0.116 0.265 0.120 0.038 
394 CAGUSL23    (8)   17 :  0.028 0.015 0.656 0.205 0.033 0.050 0.013 
395 CAGUSL24    (0)   17 :  0.061 0.007 0.070 0.056 0.114 0.588 0.104 
396 CAGUSL25    (8)   17 :  0.086 0.043 0.031 0.123 0.308 0.353 0.055 
397 CAGUSL26    (8)   17 :  0.031 0.010 0.032 0.563 0.087 0.261 0.017 
398 CAGUSL27    (0)   17 :  0.010 0.011 0.898 0.020 0.020 0.017 0.024 
399 CAGUSL28    (0)   17 :  0.096 0.010 0.414 0.205 0.082 0.080 0.113 
400 CAGUSL29    (0)   17 :  0.032 0.011 0.010 0.720 0.114 0.099 0.014 
401 CAGUSL30    (0)   17 :  0.033 0.023 0.575 0.170 0.076 0.108 0.014 
402 CAGUSL31    (0)   17 :  0.016 0.010 0.500 0.304 0.039 0.108 0.023 
403 CAGUSL32    (8)   17 :  0.047 0.008 0.033 0.782 0.029 0.096 0.006 
404  CAGUSR1    (0)   18 :  0.011 0.111 0.729 0.034 0.031 0.041 0.042 
405  CAGUSR2    (8)   18 :  0.026 0.029 0.702 0.026 0.032 0.094 0.091 
406  CAGUSR3    (8)   18 :  0.021 0.007 0.931 0.010 0.009 0.012 0.011 
407  CAGUSR4    (8)   18 :  0.039 0.040 0.712 0.062 0.065 0.061 0.021 
408  CAGUSR5    (0)   18 :  0.013 0.021 0.820 0.052 0.055 0.029 0.010 
409  CAGUSR6    (0)   18 :  0.067 0.019 0.075 0.351 0.247 0.196 0.046 
410  CAGUSR7    (0)   18 :  0.038 0.025 0.698 0.076 0.011 0.055 0.097 
411  CAGUSR8    (8)   18 :  0.081 0.007 0.703 0.096 0.068 0.039 0.006 
412  CAGUSR9    (8)   18 :  0.006 0.004 0.961 0.005 0.006 0.006 0.011 
413 CAGUSR10    (8)   18 :  0.019 0.020 0.919 0.011 0.008 0.014 0.008 
414 CAGUSR11    (0)   18 :  0.036 0.012 0.622 0.166 0.018 0.103 0.043 
415 CAGUSR12    (8)   18 :  0.025 0.063 0.769 0.058 0.015 0.064 0.005 
416 CAGUSR13   (16)   18 :  0.050 0.013 0.812 0.043 0.016 0.035 0.030 
417 CAGUSR14    (0)   18 :  0.058 0.039 0.651 0.074 0.087 0.036 0.055 
418 CAGUSR15    (8)   18 :  0.202 0.028 0.474 0.127 0.047 0.103 0.019 
419 CAGUSR16    (8)   18 :  0.193 0.090 0.210 0.187 0.105 0.186 0.030 
420 CAGUSR17    (0)   18 :  0.015 0.012 0.857 0.020 0.041 0.026 0.030 
421 CAGUSR18    (0)   18 :  0.177 0.130 0.345 0.175 0.062 0.091 0.020 
422 CAGUSR19    (8)   18 :  0.098 0.006 0.657 0.099 0.016 0.066 0.060 
423 CAGUSR20    (0)   18 :  0.015 0.040 0.697 0.137 0.014 0.024 0.073 
424 CAGUSR21    (0)   18 :  0.024 0.040 0.653 0.028 0.021 0.040 0.194 
425 CAGUSR22    (0)   18 :  0.013 0.074 0.850 0.019 0.018 0.014 0.012 
426 CAGUSR23    (0)   18 :  0.093 0.038 0.051 0.406 0.089 0.295 0.028 
427 CAGUSR24    (0)   18 :  0.044 0.035 0.116 0.428 0.088 0.178 0.112 
428 CAGUSR25    (8)   18 :  0.028 0.026 0.459 0.055 0.134 0.274 0.024 
429 CAGUSR26    (0)   18 :  0.312 0.006 0.408 0.027 0.014 0.177 0.055 
430 CAGUSR27    (0)   18 :  0.015 0.007 0.713 0.020 0.038 0.153 0.054 
431 CAGUSR28    (0)   18 :  0.009 0.015 0.923 0.014 0.015 0.012 0.011 
432 CAGUSR29    (0)   18 :  0.060 0.017 0.462 0.224 0.021 0.211 0.006 
433 CAGUSR30    (8)   18 :  0.639 0.053 0.137 0.112 0.018 0.033 0.007 
434 CAGUSR31    (0)   18 :  0.075 0.012 0.700 0.033 0.030 0.045 0.105 
435 CAGUSR32    (0)   18 :  0.015 0.009 0.944 0.009 0.007 0.011 0.005 
436 CAGUDCR1    (0)   19 :  0.010 0.012 0.944 0.008 0.010 0.010 0.006 
437 CAGUDCR2    (8)   19 :  0.147 0.021 0.572 0.121 0.044 0.074 0.019 
438 CAGUDCR3    (0)   19 :  0.023 0.027 0.851 0.022 0.034 0.028 0.015 
439 CAGUDCR4    (0)   19 :  0.005 0.004 0.968 0.006 0.006 0.006 0.005 
440 CAGUDCR5    (8)   19 :  0.008 0.010 0.941 0.010 0.012 0.010 0.009 
441 CAGUDCR6    (0)   19 :  0.011 0.004 0.961 0.008 0.005 0.006 0.004 
442 CAGUDCR7    (0)   19 :  0.017 0.005 0.953 0.006 0.007 0.007 0.005 
443 CAGUDCR8    (0)   19 :  0.043 0.018 0.776 0.025 0.023 0.041 0.072 
444 CAGUDCR9   (16)   19 :  0.008 0.004 0.967 0.005 0.005 0.006 0.004 
445 CAGUDCR10    (0)   19 :  0.005 0.176 0.797 0.005 0.007 0.006 0.005 
446 CAGUDCR11    (0)   19 :  0.014 0.019 0.888 0.027 0.026 0.016 0.010 
447 CAGUDCR12    (0)   19 :  0.105 0.005 0.848 0.013 0.010 0.013 0.006 
448 CAGUDCR13    (0)   19 :  0.048 0.012 0.879 0.011 0.013 0.015 0.021 
449 CAGUDCR15    (0)   19 :  0.007 0.006 0.960 0.006 0.007 0.007 0.007 
450 CAGUDCR16    (0)   19 :  0.169 0.036 0.751 0.011 0.011 0.011 0.010 
451 CAGUDCR17    (0)   19 :  0.007 0.007 0.952 0.017 0.006 0.007 0.004 
452 CAGUDCR18    (0)   19 :  0.033 0.006 0.887 0.036 0.013 0.018 0.007 
453 CAGUDCR19    (0)   19 :  0.009 0.013 0.724 0.111 0.039 0.072 0.032 
454 CAGUDCR20    (0)   19 :  0.012 0.007 0.953 0.011 0.007 0.006 0.004 
455 CAGUDCR21    (8)   19 :  0.046 0.024 0.870 0.015 0.024 0.013 0.009 
456 CAGUDCR22   (16)   19 :  0.011 0.008 0.904 0.028 0.018 0.019 0.012 
457 CAGUDCR23    (8)   19 :  0.011 0.004 0.949 0.007 0.009 0.012 0.008 
458 CAGUDCR24    (0)   19 :  0.006 0.005 0.967 0.006 0.006 0.006 0.004 
459 CAGUDCR25    (0)   19 :  0.008 0.004 0.962 0.005 0.005 0.009 0.008 
460 CAGUDCR26    (8)   19 :  0.008 0.032 0.899 0.013 0.020 0.014 0.013 
461 CAGUDCR27    (8)   19 :  0.014 0.012 0.746 0.029 0.036 0.157 0.007 
462 CAGUDCR28    (8)   19 :  0.007 0.005 0.962 0.007 0.007 0.007 0.005 
463 CAGUDCR29    (0)   19 :  0.005 0.007 0.958 0.006 0.007 0.008 0.007 
464 CAGUDCR30    (0)   19 :  0.016 0.004 0.959 0.005 0.005 0.006 0.004 
465 CAGUDCR31    (0)   19 :  0.005 0.004 0.973 0.004 0.004 0.005 0.004 
466 CAGUDCR32   (16)   19 :  0.011 0.004 0.963 0.006 0.005 0.006 0.004 
467 CAGUSCR1    (8)   20 :  0.036 0.004 0.884 0.037 0.015 0.019 0.006 
468 CAGUSCR2    (8)   20 :  0.108 0.016 0.826 0.009 0.015 0.012 0.015 
469 CAGUSCR3    (0)   20 :  0.006 0.005 0.967 0.005 0.006 0.006 0.004 
470 CAGUSCR4    (8)   20 :  0.015 0.006 0.834 0.104 0.015 0.019 0.008 
471 CAGUSCR5    (0)   20 :  0.078 0.006 0.524 0.013 0.010 0.144 0.225 
472 CAGUSCR6    (0)   20 :  0.010 0.005 0.935 0.009 0.007 0.012 0.022 
473 CAGUSCR7    (8)   20 :  0.048 0.012 0.881 0.011 0.008 0.021 0.018 
474 CAGUSCR8   (25)   20 :  0.250 0.013 0.677 0.014 0.012 0.026 0.009 
475 CAGUSCR9    (8)   20 :  0.008 0.004 0.965 0.004 0.004 0.006 0.009 
476 CAGUSCR10    (8)   20 :  0.007 0.005 0.972 0.005 0.004 0.004 0.003 
477 CAGUSCR11   (25)   20 :  0.113 0.032 0.753 0.026 0.030 0.034 0.012 
478 CAGUSCR12    (0)   20 :  0.122 0.009 0.701 0.086 0.039 0.035 0.008 
479 CAGUSCR13    (0)   20 :  0.048 0.006 0.885 0.019 0.012 0.020 0.010 
480 CAGUSCR14    (0)   20 :  0.012 0.006 0.963 0.007 0.004 0.006 0.003 
481 CAGUSCR15    (0)   20 :  0.569 0.011 0.225 0.080 0.053 0.046 0.016 
482 CAGUSCR16    (0)   20 :  0.008 0.012 0.947 0.008 0.007 0.010 0.007 
483 CAGUSCR17    (8)   20 :  0.015 0.005 0.953 0.008 0.006 0.008 0.006 
484 CAGUSCR18    (0)   20 :  0.007 0.005 0.971 0.005 0.004 0.005 0.004 
485 CAGUSCR19   (25)   20 :  0.724 0.010 0.161 0.015 0.013 0.042 0.035 
486 CAGUSCR20   (25)   20 :  0.014 0.012 0.939 0.013 0.009 0.008 0.005 
487 CAGUSCR21    (0)   20 :  0.492 0.023 0.183 0.019 0.014 0.117 0.152 
488 CAGUSCR22   (16)   20 :  0.018 0.013 0.875 0.009 0.010 0.016 0.059 
489 CAGUSCR23    (0)   20 :  0.010 0.006 0.952 0.008 0.009 0.009 0.005 
490 CAGUSCR24    (8)   20 :  0.008 0.007 0.957 0.007 0.007 0.008 0.007 
491 CAGUSCR25   (16)   20 :  0.018 0.008 0.946 0.008 0.006 0.008 0.006 
492 CAGUSCR26    (8)   20 :  0.018 0.006 0.922 0.012 0.009 0.016 0.017 
493 CAGUSCR27    (8)   20 :  0.024 0.042 0.791 0.014 0.016 0.056 0.057 
494 CAGUSCR28    (0)   20 :  0.006 0.006 0.965 0.006 0.005 0.006 0.005 
495 CAGUSCR29    (8)   20 :  0.011 0.006 0.937 0.020 0.007 0.014 0.005 
496 CAGUSCR30   (16)   20 :  0.007 0.004 0.967 0.006 0.005 0.006 0.005 
497  CAGURC2    (8)   21 :  0.021 0.163 0.595 0.078 0.045 0.063 0.034 
498  CAGURC3    (8)   21 :  0.429 0.018 0.400 0.061 0.009 0.073 0.010 
499  CAGURC4    (0)   21 :  0.092 0.021 0.525 0.053 0.013 0.025 0.272 
500  CAGURC6    (0)   21 :  0.731 0.006 0.191 0.014 0.017 0.028 0.014 
501  CAGURC7    (0)   21 :  0.801 0.109 0.044 0.013 0.009 0.011 0.012 
502 CAGURC10    (0)   21 :  0.509 0.020 0.231 0.026 0.030 0.098 0.086 
503 CAGURC11    (0)   21 :  0.099 0.125 0.011 0.293 0.056 0.376 0.039 
504 CAGURC13   (25)   21 :  0.888 0.009 0.029 0.011 0.015 0.027 0.021 
505 CAGURC19    (0)   21 :  0.631 0.015 0.035 0.271 0.014 0.027 0.006 
506 CAGURC20    (8)   21 :  0.016 0.075 0.552 0.220 0.055 0.052 0.031 
