

----------------------------------------------------
STRUCTURE by Pritchard, Stephens and Donnelly (2000)
     and Falush, Stephens and Pritchard (2003)
       Code by Pritchard, Falush and Hubisz
             Version 2.3.4 (Jul 2012)
----------------------------------------------------



Command line arguments:   bin/structure -m "/Users/Calochortus/Desktop/CAGU_Struct_NoBJ/CAGU_NoBJ/100/mainparams" -e "/Users/Calochortus/Desktop/CAGU_Struct_NoBJ/CAGU_NoBJ/100/extraparams" 
Input File:    /Users/Calochortus/Desktop/CAGU_Struct_NoBJ/CAGU_NoBJ/project_data

Run parameters:
   604 individuals
   12 loci
   7 populations assumed
   100000 Burn-in period
   100000 Reps


--------------------------------------------
Proportion of membership of each pre-defined
 population in each of the 7 clusters

Given    Inferred Clusters                                   Number of
 Pop       1      2      3      4      5      6      7      Individuals

  1:     0.007  0.015  0.016  0.016  0.014  0.014  0.918       32
  2:     0.013  0.046  0.835  0.037  0.012  0.032  0.025       31
  3:     0.023  0.051  0.646  0.140  0.021  0.058  0.061       33
  4:     0.007  0.051  0.836  0.052  0.011  0.025  0.018       28
  5:     0.023  0.086  0.614  0.075  0.014  0.079  0.110       24
  6:     0.033  0.028  0.692  0.104  0.075  0.022  0.045       11
  7:     0.019  0.555  0.082  0.144  0.019  0.097  0.084       28
  8:     0.015  0.400  0.086  0.066  0.029  0.205  0.198       20
 10:     0.017  0.384  0.026  0.345  0.026  0.191  0.011       13
 11:     0.043  0.324  0.105  0.192  0.030  0.267  0.040       28
 12:     0.015  0.152  0.082  0.267  0.030  0.431  0.023       30
 13:     0.016  0.229  0.093  0.227  0.032  0.368  0.034       27
 14:     0.044  0.326  0.042  0.265  0.041  0.259  0.022       32
 15:     0.020  0.209  0.049  0.238  0.080  0.387  0.017       32
 16:     0.259  0.018  0.026  0.373  0.132  0.122  0.071        2
 17:     0.367  0.093  0.043  0.224  0.075  0.174  0.024       32
 18:     0.611  0.040  0.041  0.109  0.075  0.092  0.031       32
 19:     0.894  0.013  0.011  0.022  0.025  0.019  0.016       31
 20:     0.815  0.012  0.030  0.019  0.095  0.019  0.010       30
 21:     0.232  0.029  0.060  0.096  0.415  0.106  0.062       13
 22:     0.109  0.022  0.036  0.053  0.684  0.074  0.020       31
 23:     0.135  0.029  0.024  0.067  0.647  0.063  0.034       30
 24:     0.020  0.057  0.026  0.113  0.709  0.049  0.027       34
--------------------------------------------

Allele-freq. divergence among pops (Net nucleotide distance),
computed using point estimates of P.

      1       2       3       4       5       6       7      
 1      -    0.2540  0.3509  0.1808  0.1112  0.1961  0.3353  
 2   0.2540     -    0.1080  0.0280  0.1565  0.0366  0.1583  
 3   0.3509  0.1080     -    0.0905  0.2349  0.1293  0.1549  
 4   0.1808  0.0280  0.0905     -    0.1018  0.0270  0.1419  
 5   0.1112  0.1565  0.2349  0.1018     -    0.1045  0.2314  
 6   0.1961  0.0366  0.1293  0.0270  0.1045     -    0.1608  
 7   0.3353  0.1583  0.1549  0.1419  0.2314  0.1608     -    

Average distances (expected heterozygosity) between individuals in same cluster:
cluster  1  : 0.4309 
cluster  2  : 0.4783 
cluster  3  : 0.3653 
cluster  4  : 0.5779 
cluster  5  : 0.6324 
cluster  6  : 0.5554 
cluster  7  : 0.3421 

--------------------------------------------
Estimated Ln Prob of Data   = -14066.4
Mean value of ln likelihood = -13446.4
Variance of ln likelihood   = 1239.9
Mean value of alpha         = 0.0565

Mean value of Fst_1         = 0.3212
Mean value of Fst_2         = 0.1837
Mean value of Fst_3         = 0.4300
Mean value of Fst_4         = 0.0942
Mean value of Fst_5         = 0.1226
Mean value of Fst_6         = 0.0988
Mean value of Fst_7         = 0.4876


Inferred ancestry of individuals:
        Label (%Miss) Pop:  Inferred clusters
  1 CAGUABR1    (8)    1 :  0.007 0.009 0.015 0.008 0.006 0.007 0.949 
  2 CAGUABR2    (0)    1 :  0.011 0.044 0.020 0.102 0.017 0.081 0.726 
  3 CAGUABR3    (8)    1 :  0.006 0.009 0.009 0.007 0.005 0.006 0.959 
  4 CAGUABR4    (8)    1 :  0.004 0.008 0.008 0.008 0.005 0.007 0.960 
  5 CAGUABR5    (8)    1 :  0.009 0.012 0.023 0.017 0.007 0.012 0.921 
  6 CAGUABR6    (8)    1 :  0.006 0.018 0.014 0.013 0.007 0.014 0.928 
  7 CAGUABR7    (0)    1 :  0.003 0.006 0.008 0.005 0.003 0.005 0.971 
  8 CAGUABR8    (0)    1 :  0.008 0.015 0.007 0.014 0.009 0.015 0.933 
  9 CAGUABR9    (0)    1 :  0.009 0.006 0.008 0.007 0.004 0.009 0.957 
 10 CAGUABR10    (0)    1 :  0.006 0.020 0.026 0.015 0.007 0.019 0.907 
 11 CAGUABR11    (8)    1 :  0.005 0.010 0.018 0.008 0.005 0.009 0.945 
 12 CAGUABR12    (8)    1 :  0.018 0.050 0.062 0.070 0.033 0.020 0.748 
 13 CAGUABR13    (0)    1 :  0.005 0.011 0.019 0.008 0.004 0.007 0.947 
 14 CAGUABR14    (8)    1 :  0.013 0.015 0.035 0.018 0.009 0.014 0.897 
 15 CAGUABR15    (8)    1 :  0.006 0.007 0.007 0.006 0.005 0.005 0.963 
 16 CAGUABR16   (16)    1 :  0.007 0.012 0.012 0.016 0.179 0.012 0.762 
 17 CAGUABR17    (0)    1 :  0.007 0.013 0.031 0.015 0.005 0.028 0.900 
 18 CAGUABR18    (8)    1 :  0.005 0.009 0.033 0.009 0.005 0.007 0.932 
 19 CAGUABR19    (8)    1 :  0.004 0.014 0.007 0.014 0.004 0.007 0.950 
 20 CAGUABR20    (0)    1 :  0.005 0.006 0.006 0.006 0.004 0.005 0.967 
 21 CAGUABR21    (0)    1 :  0.006 0.028 0.028 0.012 0.006 0.010 0.911 
 22 CAGUABR22    (8)    1 :  0.005 0.008 0.009 0.006 0.006 0.008 0.958 
 23 CAGUABR23    (8)    1 :  0.014 0.007 0.013 0.009 0.012 0.009 0.935 
 24 CAGUABR24    (8)    1 :  0.014 0.024 0.014 0.027 0.012 0.052 0.857 
 25 CAGUABR25    (8)    1 :  0.004 0.005 0.008 0.005 0.004 0.005 0.969 
 26 CAGUABR26    (8)    1 :  0.004 0.006 0.006 0.006 0.005 0.006 0.966 
 27 CAGUABR27    (8)    1 :  0.005 0.055 0.013 0.012 0.020 0.022 0.874 
 28 CAGUABR28    (0)    1 :  0.003 0.006 0.009 0.005 0.003 0.005 0.969 
 29 CAGUABR29    (0)    1 :  0.005 0.007 0.009 0.006 0.005 0.007 0.962 
 30 CAGUABR30    (8)    1 :  0.005 0.031 0.009 0.036 0.005 0.014 0.899 
 31 CAGUABR31    (0)    1 :  0.004 0.006 0.006 0.006 0.004 0.006 0.967 
 32 CAGUABR32    (8)    1 :  0.008 0.015 0.007 0.020 0.036 0.018 0.895 
 33  CAGUAD1    (0)    2 :  0.022 0.029 0.805 0.033 0.023 0.024 0.063 
 34  CAGUAD2    (0)    2 :  0.008 0.283 0.556 0.058 0.009 0.061 0.027 
 35  CAGUAD3    (0)    2 :  0.010 0.087 0.687 0.085 0.009 0.098 0.024 
 36  CAGUAD4   (25)    2 :  0.004 0.013 0.890 0.008 0.006 0.009 0.070 
 37  CAGUAD5    (8)    2 :  0.004 0.014 0.881 0.022 0.008 0.027 0.043 
 38  CAGUAD6    (0)    2 :  0.005 0.036 0.919 0.013 0.005 0.012 0.010 
 39  CAGUAD7    (0)    2 :  0.004 0.008 0.965 0.007 0.004 0.006 0.007 
 40  CAGUAD8    (8)    2 :  0.004 0.012 0.954 0.007 0.004 0.006 0.012 
 41  CAGUAD9    (0)    2 :  0.008 0.013 0.934 0.013 0.008 0.013 0.011 
 42 CAGUAD10   (25)    2 :  0.006 0.038 0.890 0.026 0.006 0.017 0.017 
 43 CAGUAD11    (0)    2 :  0.005 0.015 0.944 0.010 0.006 0.012 0.008 
 44 CAGUAD12    (0)    2 :  0.009 0.039 0.739 0.025 0.008 0.021 0.158 
 45 CAGUAD13    (0)    2 :  0.007 0.011 0.868 0.012 0.009 0.012 0.080 
 46 CAGUAD14    (0)    2 :  0.004 0.017 0.940 0.011 0.005 0.008 0.014 
 47 CAGUAD15    (0)    2 :  0.005 0.013 0.949 0.012 0.006 0.009 0.007 
 48 CAGUAD16    (0)    2 :  0.003 0.007 0.968 0.006 0.004 0.005 0.007 
 49 CAGUAD17    (0)    2 :  0.007 0.036 0.905 0.021 0.007 0.018 0.005 
 50 CAGUAD18    (0)    2 :  0.015 0.035 0.594 0.068 0.023 0.247 0.019 
 51 CAGUAD19    (0)    2 :  0.006 0.080 0.657 0.098 0.014 0.116 0.030 
 52 CAGUAD20    (0)    2 :  0.005 0.100 0.822 0.021 0.006 0.021 0.026 
 53 CAGUAD21    (0)    2 :  0.035 0.019 0.831 0.023 0.035 0.043 0.015 
 54 CAGUAD22    (0)    2 :  0.009 0.009 0.942 0.011 0.011 0.008 0.010 
 55 CAGUAD23    (0)    2 :  0.008 0.011 0.940 0.017 0.006 0.008 0.010 
 56 CAGUAD24    (0)    2 :  0.066 0.008 0.852 0.044 0.014 0.008 0.007 
 57 CAGUAD25    (0)    2 :  0.006 0.034 0.568 0.326 0.019 0.037 0.010 
 58 CAGUAD26   (16)    2 :  0.005 0.013 0.945 0.013 0.006 0.009 0.008 
 59 CAGUAD27    (0)    2 :  0.087 0.024 0.756 0.023 0.044 0.058 0.006 
 60 CAGUAD28    (0)    2 :  0.005 0.058 0.856 0.021 0.018 0.011 0.030 
 61 CAGUAD29    (0)    2 :  0.043 0.230 0.628 0.052 0.015 0.026 0.006 
 62 CAGUAD30    (0)    2 :  0.009 0.097 0.807 0.029 0.014 0.025 0.020 
 63 CAGUAD32    (0)    2 :  0.005 0.032 0.900 0.021 0.010 0.026 0.006 
 64  CAGUBH1    (0)    3 :  0.017 0.034 0.730 0.170 0.012 0.021 0.016 
 65  CAGUBH2    (0)    3 :  0.005 0.013 0.950 0.013 0.005 0.007 0.007 
 66  CAGUBH3   (25)    3 :  0.012 0.049 0.801 0.085 0.012 0.023 0.018 
 67  CAGUBH4    (0)    3 :  0.009 0.008 0.922 0.009 0.007 0.007 0.037 
 68  CAGUBH5    (0)    3 :  0.006 0.035 0.876 0.056 0.006 0.011 0.009 
 69  CAGUBH6    (0)    3 :  0.005 0.009 0.955 0.007 0.005 0.006 0.013 
 70  CAGUBH7    (0)    3 :  0.017 0.021 0.862 0.042 0.022 0.019 0.017 
 71  CAGUBH8   (25)    3 :  0.021 0.023 0.755 0.144 0.021 0.027 0.009 
 72  CAGUBH9    (8)    3 :  0.007 0.026 0.897 0.045 0.006 0.009 0.010 
 73 CAGUBH10    (0)    3 :  0.016 0.022 0.864 0.041 0.022 0.018 0.017 
 74 CAGUBH11    (8)    3 :  0.026 0.011 0.858 0.059 0.015 0.019 0.013 
 75 CAGUBH12   (25)    3 :  0.013 0.015 0.913 0.026 0.011 0.010 0.011 
 76 CAGUBH13   (33)    3 :  0.010 0.045 0.618 0.033 0.017 0.090 0.187 
 77 CAGUBH14   (16)    3 :  0.017 0.024 0.072 0.059 0.011 0.803 0.013 
 78 CAGUBH15    (0)    3 :  0.005 0.045 0.906 0.023 0.006 0.010 0.005 
 79 CAGUBH16    (0)    3 :  0.005 0.121 0.818 0.018 0.006 0.017 0.016 
 80 CAGUBH18    (8)    3 :  0.071 0.042 0.439 0.183 0.030 0.014 0.222 
 81 CAGUBH19    (8)    3 :  0.037 0.072 0.699 0.161 0.010 0.014 0.008 
 82 CAGUBH20    (8)    3 :  0.013 0.166 0.206 0.547 0.014 0.037 0.016 
 83 CAGUBH21    (8)    3 :  0.026 0.020 0.570 0.028 0.007 0.011 0.338 
 84 CAGUBH22    (0)    3 :  0.008 0.070 0.292 0.104 0.041 0.226 0.260 
 85 CAGUBH23    (0)    3 :  0.006 0.071 0.819 0.053 0.011 0.034 0.008 
 86 CAGUBH25   (25)    3 :  0.069 0.026 0.666 0.131 0.070 0.026 0.012 
 87 CAGUBH26    (0)    3 :  0.066 0.066 0.267 0.411 0.026 0.118 0.047 
 88 CAGUBH27    (0)    3 :  0.011 0.014 0.914 0.034 0.007 0.009 0.010 
 89 CAGUBH28   (25)    3 :  0.084 0.134 0.024 0.686 0.008 0.052 0.011 
 90 CAGUBH29    (0)    3 :  0.028 0.063 0.304 0.390 0.192 0.016 0.007 
 91 CAGUBH30    (0)    3 :  0.010 0.162 0.658 0.097 0.008 0.049 0.015 
 92 CAGUBH31    (0)    3 :  0.007 0.009 0.944 0.012 0.008 0.011 0.009 
 93 CAGUBH32    (0)    3 :  0.012 0.051 0.673 0.184 0.011 0.018 0.051 
 94 CAGUBH34    (0)    3 :  0.033 0.059 0.622 0.190 0.021 0.068 0.007 
 95 CAGUBH36   (33)    3 :  0.017 0.043 0.120 0.116 0.009 0.102 0.592 
 96 CAGUBH37    (8)    3 :  0.060 0.111 0.303 0.470 0.025 0.018 0.012 
 97 CAGUMSR1    (0)    4 :  0.007 0.017 0.936 0.015 0.005 0.012 0.007 
 98 CAGUMSR2    (0)    4 :  0.005 0.018 0.871 0.016 0.008 0.074 0.009 
 99 CAGUMSR3    (0)    4 :  0.004 0.013 0.936 0.017 0.005 0.020 0.006 
100 CAGUMSR4    (0)    4 :  0.004 0.011 0.958 0.007 0.004 0.007 0.009 
101 CAGUMSR5    (0)    4 :  0.010 0.010 0.946 0.012 0.006 0.007 0.009 
102 CAGUMSR6    (0)    4 :  0.004 0.043 0.884 0.023 0.006 0.019 0.020 
103 CAGUMSR7    (0)    4 :  0.008 0.012 0.908 0.020 0.012 0.032 0.008 
104 CAGUMSR8    (0)    4 :  0.003 0.013 0.956 0.009 0.004 0.009 0.006 
105 CAGUMSR9    (0)    4 :  0.010 0.029 0.859 0.033 0.009 0.048 0.012 
106 CAGUMSR10    (0)    4 :  0.008 0.010 0.947 0.013 0.005 0.010 0.007 
107 CAGUMSR11    (0)    4 :  0.012 0.036 0.836 0.077 0.007 0.023 0.009 
108 CAGUMSR12    (0)    4 :  0.004 0.011 0.939 0.009 0.005 0.010 0.022 
109 CAGUMSR13    (0)    4 :  0.004 0.011 0.945 0.008 0.004 0.008 0.020 
110 CAGUMSR14    (8)    4 :  0.030 0.013 0.674 0.088 0.120 0.068 0.006 
111 CAGUMSR15    (0)    4 :  0.004 0.008 0.945 0.007 0.004 0.007 0.023 
112 CAGUMSR16    (0)    4 :  0.006 0.090 0.750 0.051 0.015 0.019 0.069 
113 CAGUMSR18    (0)    4 :  0.014 0.019 0.855 0.019 0.005 0.025 0.063 
114 CAGUMSR19    (0)    4 :  0.007 0.013 0.928 0.014 0.007 0.010 0.022 
115 CAGUMSR20    (0)    4 :  0.003 0.011 0.952 0.011 0.004 0.011 0.008 
116 CAGUMSR21    (0)    4 :  0.010 0.038 0.847 0.051 0.011 0.024 0.018 
117 CAGUMSR22    (0)    4 :  0.004 0.013 0.950 0.011 0.005 0.010 0.007 
118 CAGUMSR23    (0)    4 :  0.004 0.010 0.946 0.010 0.005 0.009 0.016 
119 CAGUMSR24    (0)    4 :  0.004 0.009 0.964 0.007 0.004 0.006 0.007 
120 CAGUMSR25    (8)    4 :  0.006 0.017 0.883 0.015 0.006 0.012 0.062 
121 CAGUMSR26    (0)    4 :  0.008 0.379 0.344 0.152 0.021 0.086 0.011 
122 CAGUMSR28    (0)    4 :  0.005 0.018 0.884 0.016 0.006 0.065 0.008 
123 CAGUMSR29   (16)    4 :  0.008 0.483 0.432 0.022 0.010 0.017 0.027 
124 CAGUMSR30    (0)    4 :  0.009 0.074 0.137 0.719 0.012 0.046 0.004 
125 CAGURAT6    (0)    5 :  0.020 0.010 0.746 0.017 0.012 0.012 0.182 
126 CAGURAT8   (16)    5 :  0.010 0.226 0.625 0.052 0.016 0.038 0.033 
127 CAGURAT10    (8)    5 :  0.005 0.026 0.925 0.015 0.005 0.010 0.014 
128 CAGURAT11    (0)    5 :  0.030 0.128 0.639 0.105 0.026 0.026 0.046 
129 CAGURAT12   (25)    5 :  0.079 0.219 0.222 0.118 0.014 0.051 0.297 
130 CAGURAT14   (25)    5 :  0.014 0.055 0.078 0.098 0.040 0.677 0.037 
131 CAGURAT15   (25)    5 :  0.041 0.021 0.819 0.029 0.009 0.023 0.059 
132 CAGURAT16   (16)    5 :  0.014 0.049 0.763 0.071 0.024 0.024 0.054 
133 CAGURAT17    (0)    5 :  0.016 0.103 0.402 0.052 0.011 0.012 0.402 
134 CAGURAT18   (41)    5 :  0.009 0.083 0.051 0.062 0.010 0.720 0.066 
135 CAGURAT19    (8)    5 :  0.023 0.022 0.891 0.024 0.017 0.013 0.010 
136 CAGURAT20   (16)    5 :  0.044 0.024 0.628 0.027 0.019 0.011 0.246 
137 CAGURAT21    (8)    5 :  0.065 0.007 0.862 0.033 0.015 0.013 0.005 
138 CAGURAT22    (8)    5 :  0.007 0.047 0.832 0.060 0.007 0.031 0.018 
139 CAGURAT23    (0)    5 :  0.005 0.032 0.896 0.023 0.006 0.018 0.021 
140 CAGURAT25    (0)    5 :  0.004 0.054 0.878 0.025 0.006 0.020 0.014 
141 CAGURAT29    (0)    5 :  0.005 0.562 0.247 0.137 0.011 0.025 0.013 
142 CAGURAT30    (0)    5 :  0.020 0.008 0.286 0.011 0.018 0.007 0.649 
143 CAGURAT31    (0)    5 :  0.006 0.129 0.754 0.082 0.008 0.014 0.007 
144 CAGURAT32    (8)    5 :  0.012 0.042 0.451 0.045 0.017 0.064 0.368 
145 CAGURAT33   (25)    5 :  0.006 0.013 0.933 0.012 0.008 0.013 0.015 
146 CAGURAT34    (0)    5 :  0.007 0.023 0.909 0.033 0.005 0.015 0.008 
147 CAGURAT35    (0)    5 :  0.090 0.125 0.412 0.341 0.010 0.014 0.008 
148 CAGURAT36    (0)    5 :  0.014 0.050 0.478 0.322 0.019 0.056 0.061 
149  CAGUWP1    (8)    6 :  0.011 0.012 0.926 0.019 0.008 0.015 0.010 
150  CAGUWP7    (8)    6 :  0.008 0.033 0.804 0.050 0.011 0.023 0.070 
151  CAGUWP9   (33)    6 :  0.014 0.011 0.938 0.010 0.009 0.007 0.011 
152 CAGUWP11   (16)    6 :  0.009 0.082 0.772 0.096 0.006 0.021 0.013 
153 CAGUWP14   (16)    6 :  0.016 0.018 0.691 0.172 0.049 0.029 0.025 
154 CAGUWP17   (16)    6 :  0.122 0.043 0.228 0.504 0.043 0.046 0.015 
155 CAGUWP18   (16)    6 :  0.029 0.043 0.811 0.066 0.009 0.018 0.024 
156 CAGUWP19    (8)    6 :  0.021 0.020 0.269 0.032 0.474 0.020 0.164 
157 CAGUWP20    (8)    6 :  0.009 0.008 0.952 0.010 0.006 0.009 0.006 
158 CAGUWP21   (16)    6 :  0.027 0.024 0.511 0.163 0.187 0.043 0.044 
159 CAGUWP22    (8)    6 :  0.100 0.015 0.707 0.027 0.026 0.010 0.114 
160  CAGUSD1   (25)    7 :  0.014 0.812 0.019 0.059 0.007 0.023 0.067 
161  CAGUSD3   (33)    7 :  0.059 0.278 0.027 0.176 0.044 0.225 0.190 
162  CAGUSD4    (0)    7 :  0.013 0.602 0.066 0.046 0.011 0.038 0.225 
163  CAGUSD5   (25)    7 :  0.008 0.824 0.017 0.098 0.009 0.033 0.011 
164  CAGUSD7    (8)    7 :  0.018 0.430 0.232 0.277 0.008 0.022 0.012 
165  CAGUSD8    (8)    7 :  0.011 0.491 0.071 0.134 0.009 0.257 0.028 
166  CAGUSD9    (8)    7 :  0.011 0.458 0.014 0.458 0.010 0.040 0.010 
167 CAGUSD11   (16)    7 :  0.014 0.167 0.265 0.306 0.041 0.034 0.174 
168 CAGUSD12   (16)    7 :  0.013 0.138 0.037 0.487 0.015 0.278 0.032 
169 CAGUSD14    (0)    7 :  0.005 0.661 0.027 0.269 0.010 0.016 0.012 
170 CAGUSD15    (8)    7 :  0.020 0.896 0.013 0.025 0.006 0.026 0.014 
171 CAGUSD16    (8)    7 :  0.027 0.241 0.044 0.069 0.008 0.096 0.515 
172 CAGUSD17   (16)    7 :  0.017 0.099 0.095 0.318 0.035 0.409 0.026 
173 CAGUSD18   (16)    7 :  0.015 0.394 0.302 0.102 0.085 0.077 0.025 
174 CAGUSD19    (0)    7 :  0.005 0.884 0.014 0.021 0.011 0.046 0.019 
175 CAGUSD20    (0)    7 :  0.083 0.780 0.013 0.037 0.019 0.013 0.055 
176 CAGUSD21    (0)    7 :  0.006 0.475 0.336 0.139 0.005 0.017 0.023 
177 CAGUSD22    (0)    7 :  0.011 0.305 0.104 0.167 0.005 0.390 0.017 
178 CAGUSD23   (16)    7 :  0.016 0.505 0.060 0.295 0.080 0.036 0.007 
179 CAGUSD25    (8)    7 :  0.081 0.187 0.055 0.081 0.021 0.027 0.548 
180 CAGUSD27    (0)    7 :  0.005 0.922 0.032 0.013 0.004 0.009 0.016 
181 CAGUSD28   (16)    7 :  0.012 0.412 0.097 0.137 0.010 0.315 0.015 
182 CAGUSD29    (8)    7 :  0.011 0.880 0.015 0.039 0.008 0.026 0.021 
183 CAGUSD30    (0)    7 :  0.026 0.690 0.040 0.064 0.012 0.022 0.147 
184 CAGUSD32    (0)    7 :  0.011 0.832 0.073 0.036 0.018 0.019 0.011 
185 CAGUSD33   (16)    7 :  0.007 0.925 0.015 0.024 0.006 0.012 0.010 
186 CAGUSD34    (8)    7 :  0.004 0.529 0.216 0.070 0.006 0.093 0.082 
187 CAGUSD35    (0)    7 :  0.015 0.712 0.007 0.088 0.027 0.123 0.028 
188 CAGURGR1   (16)    8 :  0.009 0.665 0.020 0.022 0.006 0.017 0.262 
189 CAGURGR4    (0)    8 :  0.026 0.111 0.416 0.183 0.025 0.080 0.159 
190 CAGURGR5    (0)    8 :  0.004 0.070 0.222 0.041 0.006 0.601 0.057 
191 CAGURGR6    (8)    8 :  0.016 0.189 0.022 0.116 0.012 0.323 0.322 
192 CAGURGR7    (0)    8 :  0.008 0.880 0.009 0.025 0.041 0.025 0.012 
193 CAGURGR8    (8)    8 :  0.005 0.024 0.034 0.021 0.006 0.881 0.030 
194 CAGURGR9   (16)    8 :  0.012 0.607 0.040 0.091 0.010 0.191 0.050 
195 CAGURGR10    (0)    8 :  0.007 0.902 0.008 0.015 0.048 0.015 0.006 
196 CAGURGR11    (0)    8 :  0.005 0.531 0.091 0.047 0.005 0.029 0.293 
197 CAGURGR12    (0)    8 :  0.019 0.019 0.008 0.055 0.143 0.096 0.659 
198 CAGURGR13    (0)    8 :  0.008 0.600 0.044 0.048 0.006 0.286 0.009 
199 CAGURGR14    (0)    8 :  0.013 0.516 0.015 0.117 0.013 0.019 0.307 
200 CAGURGR15   (25)    8 :  0.007 0.932 0.019 0.015 0.005 0.012 0.011 
201 CAGURGR16   (16)    8 :  0.006 0.173 0.160 0.060 0.010 0.515 0.076 
202 CAGURGR17    (8)    8 :  0.017 0.064 0.124 0.038 0.008 0.037 0.712 
203 CAGURGR19    (0)    8 :  0.011 0.835 0.008 0.022 0.014 0.092 0.018 
204 CAGURGR21    (8)    8 :  0.063 0.197 0.267 0.282 0.013 0.164 0.014 
205 CAGURGR22    (0)    8 :  0.041 0.056 0.014 0.035 0.020 0.030 0.804 
206 CAGURGR23   (16)    8 :  0.007 0.593 0.172 0.020 0.184 0.016 0.008 
207 CAGURGR24    (8)    8 :  0.010 0.047 0.035 0.066 0.011 0.673 0.157 
208  CAGUCM1    (0)   10 :  0.054 0.451 0.020 0.317 0.021 0.127 0.010 
209  CAGUCM2    (0)   10 :  0.010 0.528 0.012 0.271 0.012 0.162 0.005 
210  CAGUCM3    (0)   10 :  0.011 0.051 0.015 0.765 0.013 0.122 0.023 
211  CAGUCM4    (0)   10 :  0.007 0.009 0.005 0.022 0.021 0.932 0.004 
212  CAGUCM5   (33)   10 :  0.015 0.311 0.090 0.519 0.011 0.045 0.009 
213  CAGUCM6    (0)   10 :  0.026 0.035 0.013 0.743 0.031 0.144 0.009 
214  CAGUCM7    (0)   10 :  0.005 0.801 0.020 0.128 0.007 0.032 0.008 
215  CAGUCM8    (0)   10 :  0.013 0.590 0.076 0.220 0.054 0.034 0.014 
216  CAGUCM9    (0)   10 :  0.006 0.251 0.033 0.549 0.006 0.147 0.007 
217 CAGUCM10    (0)   10 :  0.006 0.692 0.007 0.209 0.017 0.050 0.019 
218 CAGUCM11    (0)   10 :  0.026 0.462 0.027 0.262 0.041 0.166 0.016 
219 CAGUCM12    (8)   10 :  0.039 0.397 0.012 0.186 0.036 0.321 0.010 
220 CAGUCM13    (0)   10 :  0.009 0.412 0.010 0.291 0.068 0.204 0.007 
221 CAGULPR1    (0)   11 :  0.013 0.281 0.552 0.068 0.015 0.054 0.017 
222 CAGULPR2    (0)   11 :  0.138 0.029 0.021 0.034 0.023 0.709 0.045 
223 CAGULPR3    (0)   11 :  0.004 0.944 0.006 0.021 0.006 0.014 0.005 
224 CAGULPR4    (0)   11 :  0.017 0.467 0.048 0.420 0.008 0.031 0.010 
225 CAGULPR5    (0)   11 :  0.007 0.120 0.024 0.223 0.009 0.611 0.006 
226 CAGULPR6    (0)   11 :  0.144 0.047 0.036 0.180 0.019 0.559 0.016 
227 CAGULPR7    (0)   11 :  0.049 0.092 0.012 0.328 0.026 0.485 0.006 
228 CAGULPR8    (0)   11 :  0.005 0.920 0.015 0.029 0.008 0.016 0.008 
229 CAGULPR9    (0)   11 :  0.007 0.090 0.017 0.348 0.010 0.522 0.007 
230 CAGULPR10    (0)   11 :  0.006 0.167 0.172 0.066 0.007 0.081 0.500 
231 CAGULPR11    (0)   11 :  0.005 0.389 0.119 0.153 0.008 0.213 0.113 
232 CAGULPR12    (0)   11 :  0.004 0.229 0.545 0.104 0.039 0.069 0.010 
233 CAGULPR13    (0)   11 :  0.024 0.375 0.278 0.242 0.021 0.020 0.040 
234 CAGULPR14    (0)   11 :  0.006 0.447 0.050 0.350 0.006 0.106 0.035 
235 CAGULPR15    (0)   11 :  0.007 0.017 0.023 0.027 0.008 0.910 0.008 
236 CAGULPR16    (0)   11 :  0.082 0.102 0.090 0.446 0.039 0.048 0.194 
237 CAGULPR17    (0)   11 :  0.217 0.101 0.036 0.183 0.342 0.117 0.005 
238 CAGULPR18    (0)   11 :  0.009 0.573 0.172 0.143 0.009 0.088 0.006 
239 CAGULPR19    (0)   11 :  0.012 0.455 0.044 0.303 0.016 0.164 0.007 
240 CAGULPR20    (0)   11 :  0.008 0.526 0.317 0.068 0.032 0.035 0.014 
241 CAGULPR21    (0)   11 :  0.272 0.305 0.135 0.173 0.050 0.050 0.015 
242 CAGULPR22    (0)   11 :  0.019 0.048 0.009 0.259 0.017 0.643 0.006 
243 CAGULPR23    (0)   11 :  0.039 0.465 0.016 0.404 0.015 0.041 0.021 
244 CAGULPR24    (0)   11 :  0.014 0.272 0.104 0.099 0.028 0.473 0.010 
245 CAGULPR25    (0)   11 :  0.004 0.941 0.021 0.010 0.004 0.012 0.008 
246 CAGULPR26    (0)   11 :  0.070 0.013 0.005 0.113 0.036 0.757 0.005 
247 CAGULPR28    (0)   11 :  0.004 0.549 0.039 0.355 0.007 0.039 0.006 
248 CAGULPR29    (8)   11 :  0.016 0.106 0.028 0.222 0.022 0.597 0.008 
249  CAGUPB1    (0)   12 :  0.045 0.269 0.441 0.104 0.015 0.108 0.019 
250  CAGUPB2    (0)   12 :  0.009 0.027 0.008 0.755 0.011 0.184 0.007 
251  CAGUPB3    (0)   12 :  0.006 0.030 0.010 0.027 0.007 0.860 0.060 
252  CAGUPB4    (0)   12 :  0.012 0.040 0.011 0.124 0.014 0.789 0.010 
253  CAGUPB5    (0)   12 :  0.011 0.123 0.075 0.591 0.017 0.158 0.025 
254  CAGUPB6    (0)   12 :  0.009 0.119 0.679 0.072 0.009 0.070 0.042 
255  CAGUPB7    (0)   12 :  0.010 0.068 0.023 0.117 0.010 0.745 0.027 
256  CAGUPB8    (0)   12 :  0.008 0.220 0.042 0.441 0.006 0.222 0.062 
257  CAGUPB9    (0)   12 :  0.009 0.281 0.065 0.451 0.042 0.137 0.015 
258 CAGUPB10    (0)   12 :  0.014 0.046 0.009 0.419 0.014 0.483 0.015 
259 CAGUPB11    (8)   12 :  0.007 0.027 0.012 0.154 0.008 0.781 0.011 
260 CAGUPB12    (0)   12 :  0.056 0.037 0.419 0.179 0.068 0.232 0.009 
261 CAGUPB13    (0)   12 :  0.027 0.008 0.019 0.027 0.033 0.854 0.032 
262 CAGUPB14    (0)   12 :  0.005 0.097 0.264 0.182 0.227 0.204 0.020 
263 CAGUPB15    (0)   12 :  0.007 0.143 0.012 0.119 0.012 0.699 0.008 
264 CAGUPB16    (0)   12 :  0.012 0.179 0.008 0.285 0.008 0.500 0.009 
265 CAGUPB18    (0)   12 :  0.011 0.199 0.016 0.300 0.009 0.329 0.135 
266 CAGUPB19    (0)   12 :  0.007 0.279 0.012 0.442 0.013 0.232 0.015 
267 CAGUPB20    (0)   12 :  0.014 0.180 0.050 0.580 0.010 0.142 0.023 
268 CAGUPB22    (0)   12 :  0.018 0.084 0.017 0.405 0.014 0.451 0.011 
269 CAGUPB23   (16)   12 :  0.013 0.067 0.013 0.224 0.024 0.651 0.009 
270 CAGUPB24    (0)   12 :  0.022 0.035 0.063 0.674 0.038 0.153 0.015 
271 CAGUPB25    (0)   12 :  0.028 0.026 0.008 0.193 0.015 0.722 0.008 
272 CAGUPB26    (0)   12 :  0.016 0.017 0.047 0.049 0.177 0.684 0.009 
273 CAGUPB27    (0)   12 :  0.010 0.083 0.017 0.701 0.009 0.170 0.009 
274 CAGUPB28    (8)   12 :  0.010 0.072 0.022 0.091 0.008 0.784 0.014 
275 CAGUPB29    (0)   12 :  0.005 0.870 0.021 0.051 0.008 0.018 0.027 
276 CAGUPB30    (0)   12 :  0.005 0.709 0.024 0.085 0.009 0.150 0.018 
277 CAGUPB31    (0)   12 :  0.033 0.082 0.027 0.108 0.055 0.682 0.013 
278 CAGUPB32    (0)   12 :  0.011 0.139 0.016 0.065 0.011 0.739 0.019 
279  CAGUMB1    (0)   13 :  0.069 0.111 0.153 0.432 0.034 0.164 0.037 
280  CAGUMB2    (0)   13 :  0.034 0.225 0.266 0.304 0.032 0.088 0.051 
281  CAGUMB3    (0)   13 :  0.036 0.450 0.021 0.068 0.038 0.370 0.017 
282  CAGUMB4    (0)   13 :  0.011 0.146 0.011 0.141 0.023 0.659 0.009 
283  CAGUMB6    (0)   13 :  0.015 0.172 0.054 0.459 0.006 0.253 0.040 
284  CAGUMB8    (0)   13 :  0.007 0.354 0.015 0.176 0.008 0.108 0.333 
285  CAGUMB9    (0)   13 :  0.008 0.044 0.026 0.575 0.008 0.323 0.018 
286 CAGUMB10    (0)   13 :  0.011 0.059 0.173 0.450 0.049 0.249 0.009 
287 CAGUMB11    (0)   13 :  0.010 0.102 0.374 0.286 0.016 0.189 0.023 
288 CAGUMB12    (0)   13 :  0.017 0.105 0.265 0.183 0.007 0.347 0.077 
289 CAGUMB14    (0)   13 :  0.009 0.014 0.010 0.029 0.065 0.865 0.009 
290 CAGUMB15    (0)   13 :  0.016 0.523 0.030 0.349 0.009 0.065 0.008 
291 CAGUMB16    (0)   13 :  0.009 0.442 0.012 0.247 0.044 0.213 0.033 
292 CAGUMB17    (0)   13 :  0.043 0.248 0.030 0.383 0.026 0.230 0.039 
293 CAGUMB18    (0)   13 :  0.010 0.100 0.017 0.068 0.009 0.788 0.008 
294 CAGUMB19    (0)   13 :  0.007 0.842 0.017 0.032 0.015 0.077 0.010 
295 CAGUMB20    (0)   13 :  0.006 0.022 0.017 0.129 0.027 0.789 0.009 
296 CAGUMB21    (0)   13 :  0.005 0.788 0.088 0.049 0.009 0.054 0.007 
297 CAGUMB22    (0)   13 :  0.005 0.038 0.010 0.023 0.011 0.906 0.008 
298 CAGUMB24    (0)   13 :  0.004 0.020 0.287 0.043 0.154 0.484 0.008 
299 CAGUMB25    (0)   13 :  0.024 0.030 0.130 0.489 0.173 0.140 0.013 
300 CAGUMB26    (0)   13 :  0.017 0.312 0.252 0.300 0.007 0.096 0.016 
301 CAGUMB27    (8)   13 :  0.020 0.205 0.101 0.428 0.009 0.229 0.009 
302 CAGUMB28    (0)   13 :  0.005 0.742 0.081 0.131 0.007 0.024 0.010 
303 CAGUMB29    (0)   13 :  0.008 0.025 0.049 0.122 0.011 0.687 0.098 
304 CAGUMB30    (0)   13 :  0.021 0.016 0.014 0.199 0.065 0.679 0.007 
305 CAGUMB31    (0)   13 :  0.006 0.057 0.010 0.043 0.011 0.853 0.021 
306  CAGUFP1    (8)   14 :  0.160 0.467 0.007 0.255 0.029 0.077 0.005 
307  CAGUFP2    (8)   14 :  0.010 0.484 0.019 0.359 0.019 0.102 0.007 
308  CAGUFP3   (25)   14 :  0.009 0.509 0.046 0.386 0.011 0.031 0.008 
309  CAGUFP4    (8)   14 :  0.069 0.382 0.021 0.390 0.053 0.067 0.018 
310  CAGUFP5    (8)   14 :  0.011 0.888 0.012 0.049 0.009 0.021 0.010 
311  CAGUFP6    (0)   14 :  0.015 0.527 0.019 0.356 0.019 0.051 0.012 
312  CAGUFP7    (0)   14 :  0.028 0.220 0.094 0.409 0.080 0.110 0.059 
313  CAGUFP8   (16)   14 :  0.349 0.011 0.010 0.033 0.016 0.572 0.009 
314  CAGUFP9   (16)   14 :  0.111 0.011 0.013 0.036 0.024 0.798 0.008 
315 CAGUFP10    (0)   14 :  0.054 0.024 0.015 0.160 0.059 0.675 0.013 
316 CAGUFP11    (0)   14 :  0.046 0.044 0.022 0.143 0.009 0.710 0.026 
317 CAGUFP12    (0)   14 :  0.022 0.064 0.049 0.396 0.048 0.399 0.021 
318 CAGUFP14    (0)   14 :  0.089 0.392 0.021 0.250 0.019 0.218 0.010 
319 CAGUFP15    (0)   14 :  0.005 0.329 0.026 0.553 0.010 0.066 0.011 
320 CAGUFP16    (0)   14 :  0.052 0.153 0.031 0.284 0.415 0.041 0.023 
321 CAGUFP17    (0)   14 :  0.028 0.051 0.050 0.127 0.009 0.693 0.042 
322 CAGUFP18    (0)   14 :  0.051 0.025 0.050 0.800 0.013 0.051 0.010 
323 CAGUFP19    (0)   14 :  0.048 0.039 0.068 0.761 0.013 0.053 0.017 
324 CAGUFP20   (25)   14 :  0.007 0.635 0.023 0.178 0.008 0.134 0.014 
325 CAGUFP21    (0)   14 :  0.005 0.108 0.013 0.071 0.012 0.782 0.010 
326 CAGUFP22    (8)   14 :  0.044 0.047 0.120 0.722 0.018 0.037 0.013 
327 CAGUFP23    (0)   14 :  0.007 0.166 0.117 0.469 0.015 0.205 0.021 
328 CAGUFP24    (0)   14 :  0.013 0.051 0.047 0.202 0.009 0.648 0.031 
329 CAGUFP25    (0)   14 :  0.009 0.627 0.119 0.117 0.023 0.096 0.009 
330 CAGUFP27    (0)   14 :  0.032 0.033 0.010 0.043 0.023 0.852 0.006 
331 CAGUFP28   (16)   14 :  0.005 0.532 0.084 0.105 0.009 0.148 0.117 
332 CAGUFP29    (0)   14 :  0.013 0.689 0.041 0.130 0.061 0.048 0.018 
333 CAGUFP30    (0)   14 :  0.005 0.904 0.017 0.031 0.008 0.026 0.010 
334 CAGUFP31    (0)   14 :  0.073 0.518 0.007 0.089 0.096 0.209 0.008 
335 CAGUFP32    (8)   14 :  0.020 0.844 0.011 0.071 0.015 0.027 0.011 
336 CAGUFP33    (8)   14 :  0.006 0.234 0.026 0.331 0.147 0.127 0.128 
337 CAGUFP34    (0)   14 :  0.008 0.415 0.142 0.182 0.027 0.217 0.010 
338 CAGUDIX1    (0)   15 :  0.036 0.342 0.014 0.207 0.127 0.252 0.023 
339 CAGUDIX2    (0)   15 :  0.014 0.284 0.008 0.220 0.039 0.425 0.010 
340 CAGUDIX3    (0)   15 :  0.075 0.039 0.015 0.283 0.069 0.507 0.012 
341 CAGUDIX4    (0)   15 :  0.055 0.080 0.010 0.625 0.114 0.093 0.022 
342 CAGUDIX5    (0)   15 :  0.009 0.035 0.010 0.048 0.181 0.709 0.009 
343 CAGUDIX6    (0)   15 :  0.013 0.014 0.010 0.053 0.019 0.882 0.008 
344 CAGUDIX7    (0)   15 :  0.009 0.152 0.030 0.267 0.009 0.519 0.013 
345 CAGUDIX8    (0)   15 :  0.013 0.021 0.012 0.520 0.054 0.375 0.005 
346 CAGUDIX9    (0)   15 :  0.012 0.334 0.020 0.478 0.008 0.132 0.017 
347 CAGUDIX10    (0)   15 :  0.005 0.494 0.015 0.283 0.009 0.137 0.056 
348 CAGUDIX11    (8)   15 :  0.029 0.226 0.012 0.606 0.016 0.099 0.012 
349 CAGUDIX12    (0)   15 :  0.012 0.830 0.017 0.050 0.029 0.049 0.013 
350 CAGUDIX13    (0)   15 :  0.024 0.528 0.020 0.176 0.083 0.052 0.116 
351 CAGUDIX14    (8)   15 :  0.008 0.437 0.018 0.058 0.434 0.039 0.006 
352 CAGUDIX15   (25)   15 :  0.011 0.240 0.035 0.207 0.010 0.490 0.008 
353 CAGUDIX16    (0)   15 :  0.007 0.583 0.072 0.187 0.035 0.100 0.015 
354 CAGUDIX17    (0)   15 :  0.012 0.032 0.008 0.022 0.015 0.904 0.006 
355 CAGUDIX18    (0)   15 :  0.032 0.157 0.019 0.134 0.039 0.604 0.014 
356 CAGUDIX19    (0)   15 :  0.007 0.043 0.307 0.033 0.007 0.590 0.013 
357 CAGUDIX20    (0)   15 :  0.018 0.261 0.014 0.186 0.133 0.383 0.005 
358 CAGUDIX21   (16)   15 :  0.010 0.114 0.013 0.315 0.016 0.522 0.011 
359 CAGUDIX22    (0)   15 :  0.040 0.254 0.026 0.400 0.017 0.257 0.006 
360 CAGUDIX23    (0)   15 :  0.015 0.572 0.010 0.119 0.161 0.114 0.009 
361 CAGUDIX24    (0)   15 :  0.005 0.214 0.023 0.145 0.009 0.581 0.022 
362 CAGUDIX25    (0)   15 :  0.015 0.055 0.045 0.343 0.392 0.138 0.012 
363 CAGUDIX26    (0)   15 :  0.040 0.026 0.009 0.203 0.028 0.643 0.051 
364 CAGUDIX27    (0)   15 :  0.027 0.105 0.011 0.470 0.261 0.115 0.011 
365 CAGUDIX28    (0)   15 :  0.007 0.036 0.059 0.630 0.016 0.244 0.007 
366 CAGUDIX29    (0)   15 :  0.008 0.064 0.012 0.089 0.018 0.799 0.011 
367 CAGUDIX30    (8)   15 :  0.011 0.038 0.517 0.124 0.020 0.276 0.014 
368 CAGUDIX31    (8)   15 :  0.007 0.040 0.183 0.070 0.149 0.539 0.013 
369 CAGUDIX32    (0)   15 :  0.047 0.027 0.009 0.059 0.052 0.800 0.006 
370 CAGUCR1151    (0)   16 :  0.238 0.023 0.038 0.281 0.096 0.208 0.117 
371 CAGUCR1152   (16)   16 :  0.281 0.013 0.013 0.465 0.168 0.035 0.025 
372  CAGUSL1    (8)   17 :  0.717 0.067 0.044 0.072 0.017 0.029 0.054 
373  CAGUSL2    (0)   17 :  0.085 0.071 0.012 0.495 0.026 0.301 0.010 
374  CAGUSL3    (0)   17 :  0.452 0.032 0.156 0.260 0.019 0.046 0.035 
375  CAGUSL4    (0)   17 :  0.702 0.041 0.010 0.046 0.146 0.047 0.008 
376  CAGUSL5    (0)   17 :  0.563 0.143 0.027 0.098 0.061 0.103 0.006 
377  CAGUSL6    (0)   17 :  0.451 0.061 0.055 0.117 0.036 0.258 0.023 
378  CAGUSL7    (0)   17 :  0.106 0.160 0.078 0.505 0.069 0.047 0.036 
379  CAGUSL8    (0)   17 :  0.308 0.049 0.032 0.313 0.175 0.074 0.050 
380  CAGUSL9   (25)   17 :  0.034 0.080 0.018 0.086 0.017 0.752 0.014 
381 CAGUSL10    (8)   17 :  0.484 0.231 0.057 0.174 0.019 0.024 0.011 
382 CAGUSL11   (16)   17 :  0.589 0.047 0.017 0.135 0.160 0.042 0.010 
383 CAGUSL12    (0)   17 :  0.452 0.176 0.051 0.219 0.020 0.054 0.027 
384 CAGUSL13    (0)   17 :  0.660 0.063 0.096 0.099 0.018 0.048 0.016 
385 CAGUSL14    (0)   17 :  0.061 0.071 0.032 0.732 0.023 0.072 0.008 
386 CAGUSL15    (8)   17 :  0.408 0.064 0.031 0.365 0.038 0.062 0.033 
387 CAGUSL16    (0)   17 :  0.119 0.229 0.021 0.492 0.026 0.076 0.036 
388 CAGUSL17    (8)   17 :  0.015 0.011 0.005 0.014 0.934 0.013 0.008 
389 CAGUSL18    (0)   17 :  0.572 0.076 0.125 0.078 0.024 0.061 0.066 
390 CAGUSL19    (0)   17 :  0.084 0.124 0.036 0.197 0.091 0.373 0.096 
391 CAGUSL20    (8)   17 :  0.747 0.068 0.022 0.058 0.048 0.041 0.016 
392 CAGUSL21    (0)   17 :  0.612 0.151 0.035 0.087 0.034 0.057 0.023 
393 CAGUSL22    (0)   17 :  0.375 0.251 0.033 0.173 0.031 0.105 0.033 
394 CAGUSL23    (8)   17 :  0.649 0.030 0.012 0.059 0.024 0.212 0.013 
395 CAGUSL24    (0)   17 :  0.055 0.105 0.135 0.605 0.052 0.040 0.007 
396 CAGUSL25    (8)   17 :  0.028 0.232 0.059 0.480 0.067 0.095 0.039 
397 CAGUSL26    (8)   17 :  0.031 0.060 0.016 0.413 0.022 0.448 0.010 
398 CAGUSL27    (0)   17 :  0.901 0.020 0.021 0.017 0.010 0.020 0.011 
399 CAGUSL28    (0)   17 :  0.400 0.080 0.088 0.129 0.081 0.210 0.011 
400 CAGUSL29    (0)   17 :  0.010 0.093 0.013 0.208 0.031 0.634 0.011 
401 CAGUSL30    (0)   17 :  0.552 0.057 0.014 0.173 0.026 0.157 0.021 
402 CAGUSL31    (0)   17 :  0.491 0.030 0.023 0.133 0.017 0.296 0.009 
403 CAGUSL32    (8)   17 :  0.028 0.013 0.006 0.140 0.043 0.763 0.008 
404  CAGUSR1    (0)   18 :  0.727 0.031 0.045 0.042 0.012 0.032 0.111 
405  CAGUSR2    (8)   18 :  0.725 0.036 0.108 0.041 0.029 0.029 0.033 
406  CAGUSR3    (8)   18 :  0.934 0.009 0.011 0.011 0.020 0.009 0.007 
407  CAGUSR4    (8)   18 :  0.715 0.061 0.023 0.065 0.034 0.063 0.039 
408  CAGUSR5    (0)   18 :  0.816 0.051 0.009 0.040 0.012 0.052 0.020 
409  CAGUSR6    (0)   18 :  0.073 0.255 0.046 0.225 0.071 0.313 0.018 
410  CAGUSR7    (0)   18 :  0.711 0.012 0.108 0.022 0.035 0.088 0.026 
411  CAGUSR8    (8)   18 :  0.687 0.052 0.006 0.069 0.082 0.097 0.006 
412  CAGUSR9    (8)   18 :  0.964 0.006 0.010 0.006 0.005 0.005 0.004 
413 CAGUSR10    (8)   18 :  0.923 0.008 0.008 0.012 0.017 0.011 0.020 
414 CAGUSR11    (0)   18 :  0.586 0.013 0.043 0.149 0.034 0.163 0.012 
415 CAGUSR12    (8)   18 :  0.764 0.011 0.005 0.096 0.026 0.036 0.063 
416 CAGUSR13   (16)   18 :  0.817 0.016 0.032 0.032 0.047 0.044 0.013 
417 CAGUSR14    (0)   18 :  0.651 0.073 0.048 0.057 0.055 0.078 0.037 
418 CAGUSR15    (8)   18 :  0.439 0.039 0.018 0.154 0.209 0.116 0.026 
419 CAGUSR16    (8)   18 :  0.201 0.102 0.027 0.230 0.195 0.160 0.085 
420 CAGUSR17    (0)   18 :  0.860 0.042 0.030 0.024 0.015 0.019 0.011 
421 CAGUSR18    (0)   18 :  0.329 0.046 0.016 0.187 0.150 0.162 0.111 
422 CAGUSR19    (8)   18 :  0.661 0.015 0.058 0.053 0.096 0.112 0.006 
423 CAGUSR20    (0)   18 :  0.695 0.014 0.058 0.028 0.015 0.152 0.038 
424 CAGUSR21    (0)   18 :  0.659 0.025 0.186 0.024 0.028 0.032 0.045 
425 CAGUSR22    (0)   18 :  0.856 0.018 0.011 0.014 0.014 0.018 0.069 
426 CAGUSR23    (0)   18 :  0.043 0.069 0.027 0.409 0.083 0.332 0.036 
427 CAGUSR24    (0)   18 :  0.099 0.069 0.112 0.253 0.035 0.399 0.032 
428 CAGUSR25    (8)   18 :  0.427 0.090 0.023 0.377 0.023 0.035 0.025 
429 CAGUSR26    (0)   18 :  0.368 0.010 0.048 0.280 0.266 0.022 0.006 
430 CAGUSR27    (0)   18 :  0.698 0.028 0.055 0.175 0.014 0.022 0.007 
431 CAGUSR28    (0)   18 :  0.923 0.015 0.011 0.014 0.009 0.013 0.015 
432 CAGUSR29    (0)   18 :  0.427 0.013 0.006 0.293 0.057 0.190 0.015 
433 CAGUSR30    (8)   18 :  0.130 0.016 0.006 0.058 0.631 0.110 0.049 
434 CAGUSR31    (0)   18 :  0.707 0.032 0.099 0.042 0.073 0.034 0.012 
435 CAGUSR32    (0)   18 :  0.943 0.007 0.005 0.011 0.014 0.010 0.009 
436 CAGUDCR1    (0)   19 :  0.944 0.009 0.006 0.011 0.010 0.007 0.012 
437 CAGUDCR2    (8)   19 :  0.555 0.039 0.017 0.123 0.127 0.118 0.021 
438 CAGUDCR3    (0)   19 :  0.858 0.032 0.016 0.024 0.021 0.021 0.027 
439 CAGUDCR4    (0)   19 :  0.968 0.006 0.005 0.006 0.005 0.005 0.004 
440 CAGUDCR5    (8)   19 :  0.943 0.011 0.009 0.010 0.007 0.010 0.010 
441 CAGUDCR6    (0)   19 :  0.961 0.005 0.004 0.007 0.010 0.008 0.004 
442 CAGUDCR7    (0)   19 :  0.951 0.006 0.005 0.008 0.019 0.006 0.005 
443 CAGUDCR8    (0)   19 :  0.780 0.025 0.073 0.032 0.046 0.024 0.020 
444 CAGUDCR9   (16)   19 :  0.968 0.005 0.004 0.006 0.008 0.005 0.004 
445 CAGUDCR10    (0)   19 :  0.796 0.006 0.005 0.006 0.005 0.005 0.177 
446 CAGUDCR11    (0)   19 :  0.891 0.023 0.010 0.019 0.013 0.025 0.018 
447 CAGUDCR12    (0)   19 :  0.856 0.008 0.007 0.012 0.097 0.014 0.005 
448 CAGUDCR13    (0)   19 :  0.884 0.014 0.019 0.015 0.045 0.011 0.012 
449 CAGUDCR15    (0)   19 :  0.962 0.007 0.006 0.007 0.007 0.006 0.006 
450 CAGUDCR16    (0)   19 :  0.763 0.011 0.010 0.011 0.160 0.011 0.034 
451 CAGUDCR17    (0)   19 :  0.954 0.005 0.004 0.007 0.007 0.017 0.007 
452 CAGUDCR18    (0)   19 :  0.887 0.012 0.007 0.024 0.034 0.031 0.006 
453 CAGUDCR19    (0)   19 :  0.721 0.037 0.031 0.077 0.010 0.112 0.013 
454 CAGUDCR20    (0)   19 :  0.955 0.006 0.004 0.007 0.010 0.011 0.007 
455 CAGUDCR21    (8)   19 :  0.872 0.023 0.008 0.014 0.046 0.015 0.021 
456 CAGUDCR22   (16)   19 :  0.904 0.017 0.012 0.023 0.011 0.027 0.007 
457 CAGUDCR23    (8)   19 :  0.952 0.008 0.008 0.010 0.011 0.007 0.004 
458 CAGUDCR24    (0)   19 :  0.968 0.006 0.004 0.005 0.007 0.006 0.005 
459 CAGUDCR25    (0)   19 :  0.964 0.005 0.008 0.006 0.008 0.005 0.004 
460 CAGUDCR26    (8)   19 :  0.902 0.020 0.012 0.014 0.007 0.013 0.032 
461 CAGUDCR27    (8)   19 :  0.746 0.032 0.007 0.164 0.013 0.027 0.012 
462 CAGUDCR28    (8)   19 :  0.962 0.007 0.005 0.007 0.007 0.007 0.005 
463 CAGUDCR29    (0)   19 :  0.959 0.007 0.007 0.008 0.005 0.006 0.007 
464 CAGUDCR30    (0)   19 :  0.960 0.005 0.004 0.006 0.016 0.005 0.004 
465 CAGUDCR31    (0)   19 :  0.975 0.004 0.004 0.005 0.005 0.004 0.004 
466 CAGUDCR32   (16)   19 :  0.963 0.005 0.004 0.007 0.011 0.006 0.004 
467 CAGUSCR1    (8)   20 :  0.878 0.014 0.006 0.025 0.036 0.038 0.004 
468 CAGUSCR2    (8)   20 :  0.820 0.016 0.013 0.012 0.117 0.009 0.014 
469 CAGUSCR3    (0)   20 :  0.968 0.006 0.004 0.006 0.006 0.005 0.005 
470 CAGUSCR4    (8)   20 :  0.827 0.013 0.008 0.027 0.014 0.106 0.005 
471 CAGUSCR5    (0)   20 :  0.541 0.010 0.318 0.032 0.078 0.015 0.006 
472 CAGUSCR6    (0)   20 :  0.941 0.007 0.020 0.009 0.010 0.009 0.004 
473 CAGUSCR7    (8)   20 :  0.885 0.008 0.020 0.013 0.049 0.012 0.012 
474 CAGUSCR8   (25)   20 :  0.666 0.011 0.009 0.022 0.268 0.012 0.012 
475 CAGUSCR9    (8)   20 :  0.968 0.004 0.008 0.005 0.007 0.004 0.004 
476 CAGUSCR10    (8)   20 :  0.972 0.004 0.003 0.005 0.007 0.005 0.005 
477 CAGUSCR11   (25)   20 :  0.700 0.027 0.012 0.070 0.137 0.025 0.029 
478 CAGUSCR12    (0)   20 :  0.697 0.039 0.008 0.054 0.108 0.085 0.009 
479 CAGUSCR13    (0)   20 :  0.876 0.011 0.010 0.019 0.056 0.021 0.006 
480 CAGUSCR14    (0)   20 :  0.961 0.004 0.003 0.007 0.013 0.007 0.005 
481 CAGUSCR15    (0)   20 :  0.226 0.065 0.016 0.067 0.539 0.077 0.010 
482 CAGUSCR16    (0)   20 :  0.948 0.008 0.008 0.009 0.007 0.008 0.012 
483 CAGUSCR17    (8)   20 :  0.954 0.006 0.006 0.008 0.015 0.008 0.005 
484 CAGUSCR18    (0)   20 :  0.971 0.004 0.003 0.005 0.007 0.005 0.004 
485 CAGUSCR19   (25)   20 :  0.155 0.013 0.040 0.024 0.746 0.014 0.009 
486 CAGUSCR20   (25)   20 :  0.939 0.008 0.005 0.010 0.013 0.013 0.012 
487 CAGUSCR21    (0)   20 :  0.204 0.015 0.204 0.026 0.506 0.019 0.025 
488 CAGUSCR22   (16)   20 :  0.888 0.010 0.053 0.010 0.017 0.009 0.013 
489 CAGUSCR23    (0)   20 :  0.952 0.009 0.005 0.010 0.011 0.008 0.006 
490 CAGUSCR24    (8)   20 :  0.956 0.007 0.006 0.008 0.008 0.008 0.006 
491 CAGUSCR25   (16)   20 :  0.947 0.006 0.006 0.009 0.017 0.008 0.007 
492 CAGUSCR26    (8)   20 :  0.928 0.008 0.018 0.011 0.018 0.012 0.005 
493 CAGUSCR27    (8)   20 :  0.807 0.017 0.067 0.028 0.025 0.014 0.043 
494 CAGUSCR28    (0)   20 :  0.967 0.005 0.005 0.006 0.006 0.006 0.006 
495 CAGUSCR29    (8)   20 :  0.936 0.007 0.004 0.016 0.012 0.019 0.005 
496 CAGUSCR30   (16)   20 :  0.968 0.004 0.005 0.007 0.007 0.006 0.004 
497  CAGURC2    (8)   21 :  0.582 0.047 0.034 0.070 0.020 0.086 0.159 
498  CAGURC3    (8)   21 :  0.416 0.008 0.010 0.090 0.406 0.052 0.018 
499  CAGURC4    (0)   21 :  0.534 0.013 0.266 0.020 0.086 0.058 0.023 
500  CAGURC6    (0)   21 :  0.191 0.017 0.015 0.024 0.735 0.013 0.006 
501  CAGURC7    (0)   21 :  0.040 0.010 0.013 0.012 0.806 0.014 0.105 
502 CAGURC10    (0)   21 :  0.236 0.032 0.099 0.102 0.483 0.027 0.020 
503 CAGURC11    (0)   21 :  0.009 0.050 0.034 0.478 0.079 0.224 0.126 
504 CAGURC13   (25)   21 :  0.033 0.015 0.024 0.015 0.895 0.010 0.009 
505 CAGURC19    (0)   21 :  0.037 0.013 0.006 0.061 0.577 0.294 0.014 
506 CAGURC20    (8)   21 :  0.546 0.048 0.024 0.068 0.018 0.223 0.074 
