

----------------------------------------------------
STRUCTURE by Pritchard, Stephens and Donnelly (2000)
     and Falush, Stephens and Pritchard (2003)
       Code by Pritchard, Falush and Hubisz
             Version 2.3.4 (Jul 2012)
----------------------------------------------------



Command line arguments:   bin/structure -m "/Users/Calochortus/Desktop/CAGU_Struct_NoBJ/CAGU_NoBJ/100/mainparams" -e "/Users/Calochortus/Desktop/CAGU_Struct_NoBJ/CAGU_NoBJ/100/extraparams" 
Input File:    /Users/Calochortus/Desktop/CAGU_Struct_NoBJ/CAGU_NoBJ/project_data

Run parameters:
   604 individuals
   12 loci
   7 populations assumed
   100000 Burn-in period
   100000 Reps


--------------------------------------------
Proportion of membership of each pre-defined
 population in each of the 7 clusters

Given    Inferred Clusters                                   Number of
 Pop       1      2      3      4      5      6      7      Individuals

  1:     0.917  0.017  0.014  0.007  0.015  0.016  0.015       32
  2:     0.025  0.034  0.012  0.014  0.048  0.835  0.033       31
  3:     0.061  0.135  0.022  0.022  0.049  0.655  0.056       33
  4:     0.018  0.051  0.012  0.007  0.051  0.836  0.024       28
  5:     0.110  0.063  0.014  0.022  0.092  0.620  0.079       24
  6:     0.047  0.100  0.074  0.034  0.032  0.695  0.019       11
  7:     0.082  0.135  0.019  0.019  0.564  0.081  0.099       28
  8:     0.196  0.057  0.031  0.015  0.410  0.086  0.206       20
 10:     0.011  0.361  0.026  0.017  0.380  0.026  0.180       13
 11:     0.039  0.164  0.029  0.044  0.351  0.103  0.270       28
 12:     0.023  0.276  0.031  0.015  0.143  0.083  0.430       30
 13:     0.035  0.209  0.033  0.016  0.247  0.094  0.366       27
 14:     0.022  0.260  0.044  0.045  0.323  0.043  0.263       32
 15:     0.017  0.294  0.080  0.019  0.163  0.050  0.376       32
 16:     0.077  0.400  0.094  0.274  0.017  0.026  0.112        2
 17:     0.023  0.212  0.075  0.373  0.097  0.043  0.178       32
 18:     0.032  0.107  0.076  0.614  0.039  0.041  0.090       32
 19:     0.016  0.022  0.026  0.894  0.013  0.011  0.018       31
 20:     0.010  0.017  0.097  0.814  0.011  0.030  0.020       30
 21:     0.061  0.111  0.425  0.227  0.025  0.058  0.093       13
 22:     0.020  0.048  0.691  0.106  0.022  0.037  0.076       31
 23:     0.035  0.058  0.649  0.139  0.031  0.025  0.063       30
 24:     0.025  0.127  0.704  0.021  0.050  0.026  0.047       34
--------------------------------------------

Allele-freq. divergence among pops (Net nucleotide distance),
computed using point estimates of P.

      1       2       3       4       5       6       7      
 1      -    0.1429  0.2333  0.3367  0.1625  0.1563  0.1639  
 2   0.1429     -    0.0996  0.1834  0.0322  0.0943  0.0301  
 3   0.2333  0.0996     -    0.1110  0.1648  0.2353  0.1068  
 4   0.3367  0.1834  0.1110     -    0.2596  0.3510  0.1979  
 5   0.1625  0.0322  0.1648  0.2596     -    0.1064  0.0391  
 6   0.1563  0.0943  0.2353  0.3510  0.1064     -    0.1307  
 7   0.1639  0.0301  0.1068  0.1979  0.0391  0.1307     -    

Average distances (expected heterozygosity) between individuals in same cluster:
cluster  1  : 0.3405 
cluster  2  : 0.5897 
cluster  3  : 0.6314 
cluster  4  : 0.4300 
cluster  5  : 0.4619 
cluster  6  : 0.3650 
cluster  7  : 0.5494 

--------------------------------------------
Estimated Ln Prob of Data   = -14040.4
Mean value of ln likelihood = -13444.0
Variance of ln likelihood   = 1192.8
Mean value of alpha         = 0.0567

Mean value of Fst_1         = 0.4918
Mean value of Fst_2         = 0.0683
Mean value of Fst_3         = 0.1262
Mean value of Fst_4         = 0.3232
Mean value of Fst_5         = 0.2019
Mean value of Fst_6         = 0.4255
Mean value of Fst_7         = 0.1036


Inferred ancestry of individuals:
        Label (%Miss) Pop:  Inferred clusters
  1 CAGUABR1    (8)    1 :  0.949 0.008 0.006 0.007 0.009 0.015 0.007 
  2 CAGUABR2    (0)    1 :  0.717 0.097 0.018 0.012 0.051 0.020 0.086 
  3 CAGUABR3    (8)    1 :  0.958 0.007 0.005 0.006 0.009 0.009 0.006 
  4 CAGUABR4    (8)    1 :  0.959 0.008 0.005 0.004 0.008 0.008 0.008 
  5 CAGUABR5    (8)    1 :  0.921 0.016 0.007 0.009 0.013 0.023 0.011 
  6 CAGUABR6    (8)    1 :  0.929 0.012 0.007 0.006 0.017 0.015 0.013 
  7 CAGUABR7    (0)    1 :  0.970 0.004 0.003 0.003 0.006 0.009 0.005 
  8 CAGUABR8    (0)    1 :  0.933 0.014 0.009 0.008 0.015 0.007 0.014 
  9 CAGUABR9    (0)    1 :  0.955 0.007 0.005 0.009 0.006 0.008 0.011 
 10 CAGUABR10    (0)    1 :  0.907 0.015 0.007 0.006 0.021 0.025 0.019 
 11 CAGUABR11    (8)    1 :  0.945 0.008 0.006 0.005 0.010 0.017 0.009 
 12 CAGUABR12    (8)    1 :  0.748 0.071 0.031 0.018 0.047 0.063 0.022 
 13 CAGUABR13    (0)    1 :  0.948 0.007 0.004 0.005 0.011 0.019 0.006 
 14 CAGUABR14    (8)    1 :  0.891 0.019 0.010 0.014 0.016 0.038 0.014 
 15 CAGUABR15    (8)    1 :  0.962 0.006 0.005 0.007 0.007 0.008 0.005 
 16 CAGUABR16   (16)    1 :  0.763 0.013 0.181 0.007 0.012 0.011 0.012 
 17 CAGUABR17    (0)    1 :  0.894 0.017 0.005 0.008 0.014 0.033 0.030 
 18 CAGUABR18    (8)    1 :  0.930 0.009 0.005 0.005 0.009 0.034 0.008 
 19 CAGUABR19    (8)    1 :  0.944 0.022 0.005 0.004 0.009 0.008 0.009 
 20 CAGUABR20    (0)    1 :  0.966 0.006 0.005 0.005 0.006 0.007 0.005 
 21 CAGUABR21    (0)    1 :  0.907 0.011 0.006 0.006 0.032 0.028 0.010 
 22 CAGUABR22    (8)    1 :  0.958 0.007 0.006 0.005 0.008 0.009 0.008 
 23 CAGUABR23    (8)    1 :  0.934 0.010 0.012 0.015 0.007 0.013 0.009 
 24 CAGUABR24    (8)    1 :  0.857 0.021 0.012 0.014 0.025 0.014 0.056 
 25 CAGUABR25    (8)    1 :  0.970 0.005 0.004 0.004 0.005 0.008 0.005 
 26 CAGUABR26    (8)    1 :  0.966 0.006 0.005 0.004 0.007 0.006 0.006 
 27 CAGUABR27    (8)    1 :  0.873 0.013 0.020 0.005 0.054 0.013 0.022 
 28 CAGUABR28    (0)    1 :  0.969 0.005 0.003 0.003 0.006 0.008 0.005 
 29 CAGUABR29    (0)    1 :  0.963 0.006 0.005 0.005 0.007 0.008 0.007 
 30 CAGUABR30    (8)    1 :  0.890 0.050 0.005 0.005 0.027 0.009 0.014 
 31 CAGUABR31    (0)    1 :  0.967 0.006 0.005 0.004 0.006 0.006 0.006 
 32 CAGUABR32    (8)    1 :  0.893 0.025 0.035 0.008 0.013 0.007 0.019 
 33  CAGUAD1    (0)    2 :  0.060 0.036 0.023 0.021 0.028 0.806 0.026 
 34  CAGUAD2    (0)    2 :  0.029 0.068 0.009 0.007 0.285 0.543 0.059 
 35  CAGUAD3    (0)    2 :  0.024 0.072 0.009 0.010 0.100 0.685 0.100 
 36  CAGUAD4   (25)    2 :  0.078 0.008 0.005 0.004 0.015 0.881 0.009 
 37  CAGUAD5    (8)    2 :  0.042 0.027 0.008 0.004 0.013 0.877 0.028 
 38  CAGUAD6    (0)    2 :  0.010 0.012 0.005 0.005 0.035 0.922 0.012 
 39  CAGUAD7    (0)    2 :  0.008 0.006 0.004 0.004 0.008 0.964 0.006 
 40  CAGUAD8    (8)    2 :  0.013 0.007 0.004 0.005 0.012 0.953 0.006 
 41  CAGUAD9    (0)    2 :  0.011 0.011 0.008 0.009 0.014 0.935 0.013 
 42 CAGUAD10   (25)    2 :  0.019 0.021 0.006 0.006 0.042 0.888 0.016 
 43 CAGUAD11    (0)    2 :  0.008 0.012 0.006 0.005 0.015 0.942 0.012 
 44 CAGUAD12    (0)    2 :  0.163 0.026 0.008 0.009 0.035 0.740 0.020 
 45 CAGUAD13    (0)    2 :  0.083 0.012 0.009 0.007 0.011 0.867 0.011 
 46 CAGUAD14    (0)    2 :  0.012 0.012 0.005 0.004 0.019 0.939 0.009 
 47 CAGUAD15    (0)    2 :  0.007 0.011 0.006 0.005 0.013 0.949 0.009 
 48 CAGUAD16    (0)    2 :  0.008 0.006 0.004 0.003 0.007 0.968 0.005 
 49 CAGUAD17    (0)    2 :  0.005 0.023 0.008 0.007 0.034 0.905 0.018 
 50 CAGUAD18    (0)    2 :  0.018 0.062 0.021 0.015 0.042 0.594 0.248 
 51 CAGUAD19    (0)    2 :  0.029 0.076 0.014 0.006 0.091 0.659 0.125 
 52 CAGUAD20    (0)    2 :  0.025 0.018 0.006 0.005 0.118 0.807 0.023 
 53 CAGUAD21    (0)    2 :  0.017 0.021 0.035 0.035 0.019 0.826 0.047 
 54 CAGUAD22    (0)    2 :  0.010 0.011 0.011 0.009 0.009 0.943 0.008 
 55 CAGUAD23    (0)    2 :  0.010 0.011 0.006 0.007 0.012 0.945 0.008 
 56 CAGUAD24    (0)    2 :  0.007 0.021 0.014 0.066 0.008 0.876 0.009 
 57 CAGUAD25    (0)    2 :  0.010 0.299 0.018 0.006 0.040 0.600 0.027 
 58 CAGUAD26   (16)    2 :  0.008 0.012 0.006 0.005 0.013 0.947 0.009 
 59 CAGUAD27    (0)    2 :  0.006 0.022 0.046 0.085 0.024 0.754 0.062 
 60 CAGUAD28    (0)    2 :  0.030 0.022 0.019 0.006 0.059 0.854 0.010 
 61 CAGUAD29    (0)    2 :  0.006 0.053 0.015 0.044 0.247 0.612 0.024 
 62 CAGUAD30    (0)    2 :  0.020 0.029 0.014 0.009 0.102 0.801 0.025 
 63 CAGUAD32    (0)    2 :  0.007 0.020 0.011 0.005 0.032 0.897 0.028 
 64  CAGUBH1    (0)    3 :  0.017 0.095 0.013 0.019 0.050 0.787 0.019 
 65  CAGUBH2    (0)    3 :  0.007 0.010 0.004 0.005 0.013 0.953 0.008 
 66  CAGUBH3   (25)    3 :  0.017 0.055 0.012 0.013 0.050 0.830 0.024 
 67  CAGUBH4    (0)    3 :  0.039 0.009 0.007 0.008 0.008 0.921 0.007 
 68  CAGUBH5    (0)    3 :  0.009 0.026 0.006 0.006 0.034 0.908 0.011 
 69  CAGUBH6    (0)    3 :  0.013 0.007 0.005 0.005 0.010 0.955 0.006 
 70  CAGUBH7    (0)    3 :  0.018 0.029 0.022 0.016 0.024 0.872 0.019 
 71  CAGUBH8   (25)    3 :  0.008 0.105 0.022 0.020 0.022 0.797 0.027 
 72  CAGUBH9    (8)    3 :  0.010 0.025 0.006 0.007 0.028 0.916 0.010 
 73 CAGUBH10    (0)    3 :  0.017 0.027 0.022 0.016 0.024 0.877 0.017 
 74 CAGUBH11    (8)    3 :  0.012 0.038 0.016 0.025 0.011 0.881 0.018 
 75 CAGUBH12   (25)    3 :  0.011 0.019 0.011 0.013 0.017 0.919 0.010 
 76 CAGUBH13   (33)    3 :  0.185 0.039 0.017 0.010 0.044 0.621 0.085 
 77 CAGUBH14   (16)    3 :  0.012 0.042 0.011 0.017 0.028 0.069 0.821 
 78 CAGUBH15    (0)    3 :  0.005 0.023 0.005 0.006 0.044 0.908 0.010 
 79 CAGUBH16    (0)    3 :  0.016 0.020 0.006 0.005 0.126 0.812 0.016 
 80 CAGUBH18    (8)    3 :  0.224 0.218 0.029 0.069 0.028 0.419 0.012 
 81 CAGUBH19    (8)    3 :  0.008 0.139 0.011 0.036 0.081 0.713 0.013 
 82 CAGUBH20    (8)    3 :  0.016 0.717 0.012 0.011 0.069 0.151 0.024 
 83 CAGUBH21    (8)    3 :  0.330 0.021 0.007 0.025 0.018 0.589 0.010 
 84 CAGUBH22    (0)    3 :  0.269 0.106 0.042 0.008 0.070 0.290 0.216 
 85 CAGUBH23    (0)    3 :  0.008 0.050 0.011 0.006 0.077 0.813 0.036 
 86 CAGUBH25   (25)    3 :  0.011 0.076 0.075 0.070 0.028 0.717 0.023 
 87 CAGUBH26    (0)    3 :  0.042 0.435 0.025 0.065 0.070 0.255 0.107 
 88 CAGUBH27    (0)    3 :  0.010 0.023 0.007 0.011 0.015 0.925 0.009 
 89 CAGUBH28   (25)    3 :  0.011 0.806 0.007 0.069 0.059 0.019 0.028 
 90 CAGUBH29    (0)    3 :  0.007 0.236 0.237 0.032 0.092 0.374 0.022 
 91 CAGUBH30    (0)    3 :  0.015 0.073 0.009 0.010 0.212 0.637 0.044 
 92 CAGUBH31    (0)    3 :  0.010 0.011 0.008 0.007 0.009 0.945 0.010 
 93 CAGUBH32    (0)    3 :  0.049 0.231 0.010 0.011 0.025 0.660 0.013 
 94 CAGUBH34    (0)    3 :  0.007 0.164 0.021 0.033 0.069 0.639 0.066 
 95 CAGUBH36   (33)    3 :  0.586 0.098 0.010 0.017 0.049 0.129 0.112 
 96 CAGUBH37    (8)    3 :  0.013 0.470 0.025 0.060 0.106 0.312 0.014 
 97 CAGUMSR1    (0)    4 :  0.007 0.014 0.005 0.007 0.019 0.935 0.012 
 98 CAGUMSR2    (0)    4 :  0.009 0.015 0.008 0.005 0.016 0.867 0.080 
 99 CAGUMSR3    (0)    4 :  0.006 0.023 0.005 0.004 0.011 0.934 0.018 
100 CAGUMSR4    (0)    4 :  0.010 0.007 0.004 0.004 0.012 0.957 0.007 
101 CAGUMSR5    (0)    4 :  0.009 0.011 0.006 0.009 0.010 0.948 0.007 
102 CAGUMSR6    (0)    4 :  0.022 0.019 0.006 0.004 0.053 0.877 0.019 
103 CAGUMSR7    (0)    4 :  0.008 0.021 0.013 0.008 0.011 0.907 0.031 
104 CAGUMSR8    (0)    4 :  0.007 0.009 0.004 0.003 0.015 0.955 0.008 
105 CAGUMSR9    (0)    4 :  0.013 0.036 0.008 0.011 0.027 0.855 0.051 
106 CAGUMSR10    (0)    4 :  0.006 0.011 0.005 0.008 0.011 0.950 0.009 
107 CAGUMSR11    (0)    4 :  0.009 0.036 0.008 0.011 0.041 0.871 0.024 
108 CAGUMSR12    (0)    4 :  0.024 0.008 0.005 0.004 0.012 0.937 0.010 
109 CAGUMSR13    (0)    4 :  0.021 0.008 0.004 0.004 0.012 0.943 0.008 
110 CAGUMSR14    (8)    4 :  0.006 0.054 0.133 0.029 0.012 0.700 0.066 
111 CAGUMSR15    (0)    4 :  0.022 0.007 0.005 0.004 0.008 0.948 0.007 
112 CAGUMSR16    (0)    4 :  0.071 0.054 0.016 0.006 0.102 0.735 0.015 
113 CAGUMSR18    (0)    4 :  0.067 0.015 0.005 0.014 0.021 0.853 0.026 
114 CAGUMSR19    (0)    4 :  0.023 0.011 0.007 0.006 0.014 0.929 0.010 
115 CAGUMSR20    (0)    4 :  0.008 0.011 0.004 0.003 0.010 0.952 0.012 
116 CAGUMSR21    (0)    4 :  0.017 0.051 0.011 0.010 0.041 0.845 0.026 
117 CAGUMSR22    (0)    4 :  0.007 0.010 0.005 0.004 0.014 0.949 0.010 
118 CAGUMSR23    (0)    4 :  0.016 0.009 0.005 0.004 0.011 0.946 0.009 
119 CAGUMSR24    (0)    4 :  0.007 0.007 0.004 0.004 0.009 0.964 0.006 
120 CAGUMSR25    (8)    4 :  0.072 0.013 0.006 0.006 0.019 0.873 0.012 
121 CAGUMSR26    (0)    4 :  0.010 0.117 0.021 0.008 0.391 0.355 0.097 
122 CAGUMSR28    (0)    4 :  0.008 0.014 0.006 0.005 0.020 0.881 0.067 
123 CAGUMSR29   (16)    4 :  0.024 0.030 0.010 0.008 0.475 0.435 0.017 
124 CAGUMSR30    (0)    4 :  0.004 0.809 0.010 0.008 0.037 0.114 0.017 
125 CAGURAT6    (0)    5 :  0.191 0.018 0.012 0.018 0.010 0.740 0.012 
126 CAGURAT8   (16)    5 :  0.037 0.066 0.016 0.009 0.215 0.619 0.039 
127 CAGURAT10    (8)    5 :  0.013 0.014 0.005 0.005 0.027 0.926 0.010 
128 CAGURAT11    (0)    5 :  0.047 0.098 0.028 0.026 0.149 0.628 0.024 
129 CAGURAT12   (25)    5 :  0.300 0.112 0.014 0.078 0.223 0.221 0.052 
130 CAGURAT14   (25)    5 :  0.035 0.138 0.041 0.013 0.030 0.081 0.663 
131 CAGURAT15   (25)    5 :  0.057 0.025 0.008 0.040 0.024 0.820 0.024 
132 CAGURAT16   (16)    5 :  0.057 0.047 0.024 0.014 0.052 0.781 0.025 
133 CAGURAT17    (0)    5 :  0.396 0.039 0.011 0.016 0.104 0.422 0.013 
134 CAGURAT18   (41)    5 :  0.068 0.077 0.009 0.008 0.075 0.051 0.712 
135 CAGURAT19    (8)    5 :  0.010 0.021 0.017 0.024 0.020 0.897 0.012 
136 CAGURAT20   (16)    5 :  0.253 0.021 0.019 0.041 0.024 0.631 0.010 
137 CAGURAT21    (8)    5 :  0.005 0.021 0.014 0.061 0.008 0.878 0.012 
138 CAGURAT22    (8)    5 :  0.017 0.036 0.007 0.007 0.061 0.840 0.033 
139 CAGURAT23    (0)    5 :  0.020 0.020 0.006 0.005 0.034 0.897 0.017 
140 CAGURAT25    (0)    5 :  0.013 0.019 0.006 0.004 0.063 0.875 0.020 
141 CAGURAT29    (0)    5 :  0.012 0.058 0.012 0.005 0.646 0.241 0.025 
142 CAGURAT30    (0)    5 :  0.640 0.011 0.019 0.022 0.009 0.293 0.007 
143 CAGURAT31    (0)    5 :  0.006 0.049 0.008 0.006 0.144 0.771 0.015 
144 CAGURAT32    (8)    5 :  0.369 0.044 0.015 0.011 0.040 0.453 0.068 
145 CAGURAT33   (25)    5 :  0.015 0.010 0.008 0.006 0.013 0.936 0.013 
146 CAGURAT34    (0)    5 :  0.008 0.022 0.005 0.007 0.023 0.921 0.014 
147 CAGURAT35    (0)    5 :  0.008 0.248 0.011 0.096 0.167 0.456 0.014 
148 CAGURAT36    (0)    5 :  0.064 0.308 0.019 0.015 0.048 0.492 0.054 
149  CAGUWP1    (8)    6 :  0.010 0.017 0.007 0.011 0.014 0.925 0.015 
150  CAGUWP7    (8)    6 :  0.069 0.032 0.011 0.008 0.042 0.815 0.024 
151  CAGUWP9   (33)    6 :  0.011 0.010 0.009 0.014 0.011 0.938 0.007 
152 CAGUWP11   (16)    6 :  0.013 0.045 0.007 0.009 0.102 0.800 0.024 
153 CAGUWP14   (16)    6 :  0.023 0.217 0.035 0.015 0.015 0.676 0.020 
154 CAGUWP17   (16)    6 :  0.014 0.526 0.039 0.122 0.048 0.225 0.026 
155 CAGUWP18   (16)    6 :  0.031 0.041 0.009 0.030 0.051 0.819 0.019 
156 CAGUWP19    (8)    6 :  0.178 0.029 0.475 0.021 0.019 0.260 0.017 
157 CAGUWP20    (8)    6 :  0.007 0.009 0.006 0.010 0.008 0.952 0.008 
158 CAGUWP21   (16)    6 :  0.044 0.144 0.189 0.030 0.024 0.528 0.041 
159 CAGUWP22    (8)    6 :  0.117 0.028 0.026 0.100 0.016 0.702 0.011 
160  CAGUSD1   (25)    7 :  0.071 0.036 0.006 0.013 0.837 0.016 0.020 
161  CAGUSD3   (33)    7 :  0.178 0.153 0.043 0.059 0.278 0.029 0.259 
162  CAGUSD4    (0)    7 :  0.240 0.070 0.011 0.014 0.548 0.076 0.042 
163  CAGUSD5   (25)    7 :  0.011 0.024 0.008 0.008 0.906 0.017 0.027 
164  CAGUSD7    (8)    7 :  0.013 0.159 0.008 0.018 0.553 0.223 0.025 
165  CAGUSD8    (8)    7 :  0.027 0.148 0.009 0.010 0.512 0.067 0.227 
166  CAGUSD9    (8)    7 :  0.010 0.639 0.010 0.011 0.282 0.014 0.034 
167 CAGUSD11   (16)    7 :  0.163 0.332 0.041 0.012 0.154 0.272 0.026 
168 CAGUSD12   (16)    7 :  0.030 0.450 0.015 0.013 0.149 0.038 0.305 
169 CAGUSD14    (0)    7 :  0.012 0.116 0.010 0.005 0.814 0.026 0.017 
170 CAGUSD15    (8)    7 :  0.012 0.022 0.006 0.019 0.900 0.013 0.027 
171 CAGUSD16    (8)    7 :  0.497 0.042 0.008 0.027 0.276 0.042 0.108 
172 CAGUSD17   (16)    7 :  0.027 0.268 0.038 0.018 0.117 0.100 0.433 
173 CAGUSD18   (16)    7 :  0.023 0.082 0.084 0.015 0.411 0.308 0.078 
174 CAGUSD19    (0)    7 :  0.020 0.018 0.012 0.005 0.869 0.015 0.061 
175 CAGUSD20    (0)    7 :  0.055 0.042 0.022 0.087 0.768 0.013 0.012 
176 CAGUSD21    (0)    7 :  0.022 0.056 0.005 0.006 0.587 0.308 0.017 
177 CAGUSD22    (0)    7 :  0.017 0.080 0.005 0.011 0.378 0.111 0.397 
178 CAGUSD23   (16)    7 :  0.007 0.469 0.060 0.017 0.359 0.056 0.032 
179 CAGUSD25    (8)    7 :  0.545 0.091 0.020 0.079 0.186 0.052 0.026 
180 CAGUSD27    (0)    7 :  0.015 0.011 0.004 0.005 0.929 0.028 0.009 
181 CAGUSD28   (16)    7 :  0.016 0.172 0.011 0.012 0.400 0.094 0.297 
182 CAGUSD29    (8)    7 :  0.020 0.021 0.008 0.011 0.902 0.014 0.024 
183 CAGUSD30    (0)    7 :  0.155 0.110 0.012 0.026 0.629 0.041 0.025 
184 CAGUSD32    (0)    7 :  0.012 0.037 0.019 0.011 0.835 0.069 0.018 
185 CAGUSD33   (16)    7 :  0.009 0.015 0.006 0.007 0.938 0.014 0.011 
186 CAGUSD34    (8)    7 :  0.073 0.031 0.006 0.005 0.593 0.203 0.089 
187 CAGUSD35    (0)    7 :  0.028 0.095 0.032 0.016 0.697 0.007 0.125 
188 CAGURGR1   (16)    8 :  0.263 0.021 0.006 0.009 0.665 0.020 0.015 
189 CAGURGR4    (0)    8 :  0.162 0.174 0.025 0.027 0.106 0.425 0.081 
190 CAGURGR5    (0)    8 :  0.056 0.025 0.006 0.004 0.091 0.206 0.613 
191 CAGURGR6    (8)    8 :  0.325 0.128 0.014 0.016 0.151 0.022 0.344 
192 CAGURGR7    (0)    8 :  0.012 0.035 0.046 0.008 0.864 0.008 0.027 
193 CAGURGR8    (8)    8 :  0.031 0.025 0.006 0.005 0.024 0.032 0.877 
194 CAGURGR9   (16)    8 :  0.047 0.061 0.010 0.012 0.657 0.035 0.179 
195 CAGURGR10    (0)    8 :  0.005 0.017 0.052 0.007 0.897 0.007 0.014 
196 CAGURGR11    (0)    8 :  0.276 0.035 0.005 0.005 0.579 0.073 0.027 
197 CAGURGR12    (0)    8 :  0.653 0.050 0.156 0.018 0.020 0.009 0.094 
198 CAGURGR13    (0)    8 :  0.009 0.034 0.006 0.007 0.625 0.041 0.278 
199 CAGURGR14    (0)    8 :  0.307 0.095 0.015 0.014 0.539 0.014 0.018 
200 CAGURGR15   (25)    8 :  0.010 0.012 0.005 0.006 0.937 0.017 0.012 
201 CAGURGR16   (16)    8 :  0.075 0.069 0.010 0.006 0.166 0.167 0.507 
202 CAGURGR17    (8)    8 :  0.705 0.029 0.008 0.016 0.077 0.122 0.044 
203 CAGURGR19    (0)    8 :  0.017 0.026 0.016 0.011 0.828 0.007 0.094 
204 CAGURGR21    (8)    8 :  0.013 0.178 0.014 0.071 0.274 0.294 0.156 
205 CAGURGR22    (0)    8 :  0.800 0.035 0.020 0.043 0.058 0.014 0.029 
206 CAGURGR23   (16)    8 :  0.008 0.023 0.197 0.007 0.590 0.160 0.016 
207 CAGURGR24    (8)    8 :  0.145 0.060 0.010 0.010 0.046 0.040 0.690 
208  CAGUCM1    (0)   10 :  0.010 0.197 0.022 0.051 0.550 0.020 0.150 
209  CAGUCM2    (0)   10 :  0.006 0.386 0.012 0.010 0.438 0.011 0.138 
210  CAGUCM3    (0)   10 :  0.023 0.811 0.010 0.011 0.042 0.016 0.086 
211  CAGUCM4    (0)   10 :  0.004 0.015 0.021 0.007 0.010 0.005 0.938 
212  CAGUCM5   (33)   10 :  0.009 0.545 0.011 0.014 0.299 0.080 0.042 
213  CAGUCM6    (0)   10 :  0.008 0.797 0.023 0.025 0.035 0.013 0.098 
214  CAGUCM7    (0)   10 :  0.007 0.087 0.007 0.005 0.843 0.018 0.033 
215  CAGUCM8    (0)   10 :  0.014 0.288 0.055 0.013 0.522 0.075 0.033 
216  CAGUCM9    (0)   10 :  0.007 0.517 0.006 0.007 0.320 0.039 0.104 
217 CAGUCM10    (0)   10 :  0.019 0.251 0.017 0.006 0.655 0.007 0.045 
218 CAGUCM11    (0)   10 :  0.017 0.284 0.042 0.027 0.457 0.027 0.146 
219 CAGUCM12    (8)   10 :  0.010 0.136 0.039 0.036 0.406 0.013 0.360 
220 CAGUCM13    (0)   10 :  0.007 0.382 0.066 0.009 0.361 0.010 0.165 
221 CAGULPR1    (0)   11 :  0.016 0.074 0.015 0.013 0.297 0.534 0.051 
222 CAGULPR2    (0)   11 :  0.044 0.032 0.021 0.146 0.026 0.021 0.709 
223 CAGULPR3    (0)   11 :  0.005 0.026 0.006 0.004 0.935 0.006 0.017 
224 CAGULPR4    (0)   11 :  0.010 0.268 0.009 0.018 0.615 0.050 0.030 
225 CAGULPR5    (0)   11 :  0.006 0.229 0.008 0.007 0.110 0.025 0.615 
226 CAGULPR6    (0)   11 :  0.017 0.136 0.018 0.161 0.055 0.038 0.575 
227 CAGULPR7    (0)   11 :  0.006 0.423 0.024 0.044 0.070 0.012 0.421 
228 CAGULPR8    (0)   11 :  0.008 0.016 0.008 0.005 0.934 0.014 0.016 
229 CAGULPR9    (0)   11 :  0.007 0.309 0.010 0.006 0.096 0.019 0.553 
230 CAGULPR10    (0)   11 :  0.485 0.049 0.007 0.006 0.200 0.171 0.082 
231 CAGULPR11    (0)   11 :  0.109 0.070 0.007 0.005 0.478 0.114 0.217 
232 CAGULPR12    (0)   11 :  0.010 0.051 0.037 0.004 0.272 0.542 0.084 
233 CAGULPR13    (0)   11 :  0.039 0.343 0.021 0.023 0.274 0.284 0.015 
234 CAGULPR14    (0)   11 :  0.037 0.297 0.006 0.006 0.525 0.046 0.083 
235 CAGULPR15    (0)   11 :  0.008 0.020 0.007 0.007 0.017 0.021 0.919 
236 CAGULPR16    (0)   11 :  0.171 0.500 0.033 0.077 0.101 0.079 0.038 
237 CAGULPR17    (0)   11 :  0.005 0.222 0.324 0.210 0.100 0.032 0.107 
238 CAGULPR18    (0)   11 :  0.007 0.175 0.009 0.009 0.553 0.153 0.094 
239 CAGULPR19    (0)   11 :  0.006 0.136 0.017 0.013 0.599 0.046 0.183 
240 CAGULPR20    (0)   11 :  0.015 0.040 0.028 0.008 0.558 0.316 0.034 
241 CAGULPR21    (0)   11 :  0.014 0.153 0.051 0.279 0.336 0.124 0.042 
242 CAGULPR22    (0)   11 :  0.006 0.212 0.018 0.020 0.050 0.009 0.687 
243 CAGULPR23    (0)   11 :  0.022 0.250 0.018 0.045 0.599 0.017 0.048 
244 CAGULPR24    (0)   11 :  0.010 0.133 0.030 0.014 0.272 0.100 0.441 
245 CAGULPR25    (0)   11 :  0.008 0.011 0.005 0.004 0.936 0.023 0.013 
246 CAGULPR26    (0)   11 :  0.005 0.065 0.044 0.077 0.013 0.005 0.791 
247 CAGULPR28    (0)   11 :  0.006 0.207 0.007 0.004 0.687 0.042 0.047 
248 CAGULPR29    (8)   11 :  0.009 0.132 0.021 0.016 0.130 0.030 0.661 
249  CAGUPB1    (0)   12 :  0.018 0.099 0.014 0.045 0.281 0.436 0.107 
250  CAGUPB2    (0)   12 :  0.007 0.868 0.009 0.008 0.016 0.008 0.085 
251  CAGUPB3    (0)   12 :  0.057 0.023 0.007 0.006 0.019 0.011 0.878 
252  CAGUPB4    (0)   12 :  0.010 0.083 0.014 0.011 0.036 0.011 0.834 
253  CAGUPB5    (0)   12 :  0.026 0.580 0.018 0.012 0.148 0.090 0.126 
254  CAGUPB6    (0)   12 :  0.041 0.055 0.009 0.009 0.127 0.687 0.072 
255  CAGUPB7    (0)   12 :  0.025 0.037 0.010 0.010 0.079 0.025 0.815 
256  CAGUPB8    (0)   12 :  0.070 0.283 0.007 0.008 0.351 0.047 0.234 
257  CAGUPB9    (0)   12 :  0.015 0.627 0.037 0.008 0.150 0.058 0.105 
258 CAGUPB10    (0)   12 :  0.014 0.503 0.014 0.016 0.028 0.009 0.416 
259 CAGUPB11    (8)   12 :  0.010 0.100 0.009 0.007 0.025 0.012 0.838 
260 CAGUPB12    (0)   12 :  0.010 0.166 0.065 0.057 0.032 0.429 0.241 
261 CAGUPB13    (0)   12 :  0.031 0.030 0.033 0.024 0.009 0.019 0.854 
262 CAGUPB14    (0)   12 :  0.019 0.123 0.242 0.005 0.124 0.280 0.207 
263 CAGUPB15    (0)   12 :  0.008 0.067 0.012 0.007 0.151 0.011 0.744 
264 CAGUPB16    (0)   12 :  0.009 0.297 0.009 0.012 0.168 0.008 0.497 
265 CAGUPB18    (0)   12 :  0.128 0.436 0.010 0.011 0.150 0.015 0.251 
266 CAGUPB19    (0)   12 :  0.014 0.649 0.012 0.006 0.126 0.012 0.180 
267 CAGUPB20    (0)   12 :  0.021 0.781 0.009 0.014 0.062 0.038 0.075 
268 CAGUPB22    (0)   12 :  0.011 0.389 0.013 0.018 0.092 0.018 0.459 
269 CAGUPB23   (16)   12 :  0.009 0.101 0.022 0.012 0.082 0.013 0.760 
270 CAGUPB24    (0)   12 :  0.016 0.675 0.037 0.023 0.036 0.063 0.150 
271 CAGUPB25    (0)   12 :  0.008 0.069 0.014 0.023 0.027 0.009 0.849 
272 CAGUPB26    (0)   12 :  0.009 0.056 0.183 0.016 0.015 0.048 0.674 
273 CAGUPB27    (0)   12 :  0.009 0.796 0.009 0.009 0.081 0.015 0.081 
274 CAGUPB28    (8)   12 :  0.014 0.064 0.008 0.010 0.067 0.022 0.815 
275 CAGUPB29    (0)   12 :  0.025 0.025 0.008 0.005 0.898 0.020 0.019 
276 CAGUPB30    (0)   12 :  0.017 0.077 0.009 0.005 0.717 0.022 0.152 
277 CAGUPB31    (0)   12 :  0.013 0.152 0.061 0.032 0.077 0.027 0.638 
278 CAGUPB32    (0)   12 :  0.017 0.081 0.011 0.011 0.110 0.015 0.755 
279  CAGUMB1    (0)   13 :  0.033 0.450 0.030 0.070 0.130 0.150 0.138 
280  CAGUMB2    (0)   13 :  0.055 0.236 0.036 0.035 0.260 0.281 0.096 
281  CAGUMB3    (0)   13 :  0.018 0.079 0.038 0.038 0.436 0.020 0.371 
282  CAGUMB4    (0)   13 :  0.010 0.074 0.022 0.010 0.165 0.010 0.709 
283  CAGUMB6    (0)   13 :  0.038 0.493 0.007 0.014 0.192 0.049 0.207 
284  CAGUMB8    (0)   13 :  0.341 0.263 0.009 0.007 0.279 0.015 0.087 
285  CAGUMB9    (0)   13 :  0.016 0.631 0.007 0.008 0.041 0.025 0.274 
286 CAGUMB10    (0)   13 :  0.010 0.332 0.057 0.011 0.075 0.201 0.314 
287 CAGUMB11    (0)   13 :  0.020 0.281 0.015 0.010 0.096 0.385 0.193 
288 CAGUMB12    (0)   13 :  0.077 0.107 0.008 0.019 0.160 0.271 0.358 
289 CAGUMB14    (0)   13 :  0.009 0.033 0.073 0.009 0.014 0.010 0.853 
290 CAGUMB15    (0)   13 :  0.009 0.162 0.009 0.018 0.711 0.034 0.056 
291 CAGUMB16    (0)   13 :  0.033 0.181 0.045 0.010 0.477 0.013 0.242 
292 CAGUMB17    (0)   13 :  0.040 0.384 0.028 0.038 0.261 0.027 0.222 
293 CAGUMB18    (0)   13 :  0.008 0.047 0.008 0.010 0.091 0.015 0.820 
294 CAGUMB19    (0)   13 :  0.009 0.035 0.016 0.007 0.827 0.017 0.088 
295 CAGUMB20    (0)   13 :  0.010 0.148 0.029 0.006 0.021 0.017 0.770 
296 CAGUMB21    (0)   13 :  0.006 0.088 0.009 0.005 0.751 0.081 0.059 
297 CAGUMB22    (0)   13 :  0.008 0.017 0.010 0.004 0.032 0.010 0.918 
298 CAGUMB24    (0)   13 :  0.008 0.033 0.154 0.004 0.019 0.289 0.494 
299 CAGUMB25    (0)   13 :  0.012 0.602 0.163 0.023 0.014 0.110 0.075 
300 CAGUMB26    (0)   13 :  0.015 0.205 0.007 0.017 0.426 0.240 0.089 
301 CAGUMB27    (8)   13 :  0.010 0.347 0.009 0.022 0.261 0.117 0.234 
302 CAGUMB28    (0)   13 :  0.010 0.049 0.007 0.005 0.828 0.078 0.022 
303 CAGUMB29    (0)   13 :  0.103 0.113 0.013 0.008 0.030 0.049 0.685 
304 CAGUMB30    (0)   13 :  0.007 0.231 0.066 0.020 0.013 0.014 0.649 
305 CAGUMB31    (0)   13 :  0.020 0.028 0.011 0.006 0.057 0.010 0.868 
306  CAGUFP1    (8)   14 :  0.005 0.264 0.030 0.168 0.440 0.008 0.085 
307  CAGUFP2    (8)   14 :  0.007 0.458 0.021 0.010 0.372 0.022 0.111 
308  CAGUFP3   (25)   14 :  0.009 0.220 0.012 0.010 0.656 0.055 0.039 
309  CAGUFP4    (8)   14 :  0.018 0.267 0.059 0.084 0.483 0.022 0.068 
310  CAGUFP5    (8)   14 :  0.010 0.074 0.010 0.012 0.858 0.013 0.024 
311  CAGUFP6    (0)   14 :  0.011 0.494 0.018 0.013 0.404 0.018 0.041 
312  CAGUFP7    (0)   14 :  0.061 0.347 0.088 0.031 0.251 0.109 0.113 
313  CAGUFP8   (16)   14 :  0.009 0.031 0.019 0.345 0.011 0.010 0.576 
314  CAGUFP9   (16)   14 :  0.008 0.034 0.025 0.113 0.012 0.013 0.794 
315 CAGUFP10    (0)   14 :  0.013 0.119 0.066 0.056 0.030 0.016 0.701 
316 CAGUFP11    (0)   14 :  0.025 0.084 0.009 0.049 0.063 0.023 0.747 
317 CAGUFP12    (0)   14 :  0.022 0.332 0.058 0.025 0.095 0.054 0.414 
318 CAGUFP14    (0)   14 :  0.009 0.243 0.019 0.097 0.409 0.022 0.200 
319 CAGUFP15    (0)   14 :  0.012 0.786 0.010 0.005 0.117 0.026 0.045 
320 CAGUFP16    (0)   14 :  0.023 0.270 0.421 0.050 0.167 0.030 0.039 
321 CAGUFP17    (0)   14 :  0.044 0.077 0.009 0.031 0.066 0.049 0.725 
322 CAGUFP18    (0)   14 :  0.011 0.829 0.012 0.049 0.024 0.048 0.028 
323 CAGUFP19    (0)   14 :  0.018 0.789 0.012 0.043 0.037 0.074 0.028 
324 CAGUFP20   (25)   14 :  0.014 0.115 0.008 0.007 0.702 0.023 0.133 
325 CAGUFP21    (0)   14 :  0.010 0.076 0.013 0.005 0.096 0.013 0.787 
326 CAGUFP22    (8)   14 :  0.014 0.760 0.016 0.035 0.039 0.115 0.022 
327 CAGUFP23    (0)   14 :  0.020 0.518 0.014 0.007 0.141 0.117 0.183 
328 CAGUFP24    (0)   14 :  0.029 0.114 0.009 0.013 0.060 0.045 0.729 
329 CAGUFP25    (0)   14 :  0.009 0.123 0.024 0.009 0.620 0.114 0.101 
330 CAGUFP27    (0)   14 :  0.006 0.038 0.021 0.033 0.031 0.009 0.862 
331 CAGUFP28   (16)   14 :  0.105 0.119 0.009 0.006 0.540 0.084 0.138 
332 CAGUFP29    (0)   14 :  0.019 0.245 0.065 0.013 0.565 0.043 0.050 
333 CAGUFP30    (0)   14 :  0.009 0.018 0.008 0.005 0.921 0.017 0.023 
334 CAGUFP31    (0)   14 :  0.008 0.110 0.107 0.070 0.460 0.007 0.238 
335 CAGUFP32    (8)   14 :  0.011 0.051 0.017 0.023 0.861 0.010 0.026 
336 CAGUFP33    (8)   14 :  0.131 0.159 0.164 0.006 0.360 0.026 0.153 
337 CAGUFP34    (0)   14 :  0.010 0.146 0.027 0.009 0.458 0.141 0.210 
338 CAGUDIX1    (0)   15 :  0.024 0.308 0.122 0.032 0.258 0.014 0.242 
339 CAGUDIX2    (0)   15 :  0.010 0.321 0.034 0.013 0.147 0.008 0.467 
340 CAGUDIX3    (0)   15 :  0.012 0.285 0.069 0.084 0.038 0.015 0.496 
341 CAGUDIX4    (0)   15 :  0.024 0.695 0.113 0.048 0.052 0.009 0.058 
342 CAGUDIX5    (0)   15 :  0.008 0.034 0.190 0.008 0.035 0.011 0.713 
343 CAGUDIX6    (0)   15 :  0.008 0.063 0.022 0.013 0.014 0.010 0.869 
344 CAGUDIX7    (0)   15 :  0.013 0.389 0.008 0.010 0.080 0.034 0.466 
345 CAGUDIX8    (0)   15 :  0.005 0.688 0.033 0.013 0.012 0.011 0.237 
346 CAGUDIX9    (0)   15 :  0.014 0.739 0.007 0.011 0.124 0.018 0.087 
347 CAGUDIX10    (0)   15 :  0.053 0.476 0.010 0.005 0.317 0.016 0.122 
348 CAGUDIX11    (8)   15 :  0.012 0.724 0.013 0.023 0.141 0.012 0.074 
349 CAGUDIX12    (0)   15 :  0.013 0.067 0.031 0.012 0.793 0.019 0.064 
350 CAGUDIX13    (0)   15 :  0.112 0.272 0.081 0.020 0.453 0.020 0.041 
351 CAGUDIX14    (8)   15 :  0.006 0.043 0.428 0.008 0.457 0.017 0.041 
352 CAGUDIX15   (25)   15 :  0.008 0.203 0.011 0.010 0.234 0.034 0.500 
353 CAGUDIX16    (0)   15 :  0.014 0.345 0.032 0.007 0.438 0.074 0.089 
354 CAGUDIX17    (0)   15 :  0.005 0.027 0.014 0.012 0.025 0.008 0.909 
355 CAGUDIX18    (0)   15 :  0.014 0.173 0.042 0.036 0.106 0.020 0.609 
356 CAGUDIX19    (0)   15 :  0.013 0.026 0.008 0.006 0.046 0.310 0.592 
357 CAGUDIX20    (0)   15 :  0.006 0.266 0.140 0.017 0.182 0.015 0.374 
358 CAGUDIX21   (16)   15 :  0.010 0.341 0.015 0.010 0.093 0.014 0.518 
359 CAGUDIX22    (0)   15 :  0.006 0.536 0.017 0.039 0.167 0.026 0.210 
360 CAGUDIX23    (0)   15 :  0.009 0.159 0.187 0.015 0.484 0.012 0.134 
361 CAGUDIX24    (0)   15 :  0.021 0.189 0.010 0.005 0.202 0.022 0.551 
362 CAGUDIX25    (0)   15 :  0.012 0.371 0.378 0.014 0.050 0.046 0.130 
363 CAGUDIX26    (0)   15 :  0.055 0.138 0.031 0.045 0.025 0.009 0.698 
364 CAGUDIX27    (0)   15 :  0.012 0.573 0.257 0.027 0.052 0.010 0.069 
365 CAGUDIX28    (0)   15 :  0.008 0.668 0.015 0.008 0.040 0.069 0.193 
366 CAGUDIX29    (0)   15 :  0.010 0.039 0.016 0.008 0.061 0.012 0.854 
367 CAGUDIX30    (8)   15 :  0.015 0.120 0.020 0.011 0.033 0.520 0.280 
368 CAGUDIX31    (8)   15 :  0.014 0.078 0.163 0.007 0.033 0.182 0.524 
369 CAGUDIX32    (0)   15 :  0.006 0.044 0.052 0.045 0.022 0.009 0.822 
370 CAGUCR1151    (0)   16 :  0.136 0.242 0.095 0.259 0.024 0.043 0.201 
371 CAGUCR1152   (16)   16 :  0.017 0.559 0.094 0.288 0.011 0.009 0.022 
372  CAGUSL1    (8)   17 :  0.052 0.068 0.017 0.721 0.065 0.045 0.031 
373  CAGUSL2    (0)   17 :  0.010 0.630 0.025 0.081 0.037 0.011 0.206 
374  CAGUSL3    (0)   17 :  0.035 0.268 0.020 0.470 0.026 0.150 0.032 
375  CAGUSL4    (0)   17 :  0.008 0.037 0.155 0.701 0.040 0.010 0.050 
376  CAGUSL5    (0)   17 :  0.005 0.075 0.057 0.575 0.157 0.027 0.103 
377  CAGUSL6    (0)   17 :  0.021 0.079 0.038 0.449 0.064 0.054 0.295 
378  CAGUSL7    (0)   17 :  0.036 0.498 0.066 0.105 0.172 0.075 0.048 
379  CAGUSL8    (0)   17 :  0.045 0.374 0.143 0.319 0.029 0.032 0.057 
380  CAGUSL9   (25)   17 :  0.012 0.057 0.016 0.030 0.064 0.016 0.804 
381 CAGUSL10    (8)   17 :  0.011 0.172 0.020 0.499 0.219 0.055 0.024 
382 CAGUSL11   (16)   17 :  0.010 0.120 0.157 0.607 0.049 0.016 0.041 
383 CAGUSL12    (0)   17 :  0.025 0.154 0.018 0.481 0.212 0.053 0.057 
384 CAGUSL13    (0)   17 :  0.017 0.084 0.019 0.663 0.070 0.097 0.050 
385 CAGUSL14    (0)   17 :  0.008 0.728 0.023 0.059 0.083 0.034 0.066 
386 CAGUSL15    (8)   17 :  0.033 0.327 0.040 0.428 0.077 0.035 0.059 
387 CAGUSL16    (0)   17 :  0.037 0.445 0.028 0.122 0.273 0.022 0.074 
388 CAGUSL17    (8)   17 :  0.008 0.013 0.935 0.015 0.011 0.005 0.013 
389 CAGUSL18    (0)   17 :  0.066 0.056 0.027 0.578 0.076 0.134 0.063 
390 CAGUSL19    (0)   17 :  0.093 0.211 0.087 0.089 0.131 0.031 0.357 
391 CAGUSL20    (8)   17 :  0.016 0.052 0.052 0.749 0.066 0.022 0.042 
392 CAGUSL21    (0)   17 :  0.022 0.111 0.033 0.613 0.131 0.036 0.054 
393 CAGUSL22    (0)   17 :  0.031 0.148 0.032 0.384 0.259 0.032 0.113 
394 CAGUSL23    (8)   17 :  0.013 0.057 0.023 0.655 0.028 0.012 0.212 
395 CAGUSL24    (0)   17 :  0.007 0.642 0.041 0.051 0.103 0.123 0.033 
396 CAGUSL25    (8)   17 :  0.039 0.402 0.077 0.030 0.288 0.063 0.101 
397 CAGUSL26    (8)   17 :  0.009 0.370 0.025 0.032 0.063 0.017 0.484 
398 CAGUSL27    (0)   17 :  0.011 0.016 0.010 0.900 0.022 0.021 0.020 
399 CAGUSL28    (0)   17 :  0.011 0.100 0.099 0.414 0.094 0.095 0.187 
400 CAGUSL29    (0)   17 :  0.010 0.122 0.027 0.010 0.086 0.013 0.732 
401 CAGUSL30    (0)   17 :  0.021 0.156 0.027 0.570 0.061 0.013 0.153 
402 CAGUSL31    (0)   17 :  0.009 0.131 0.016 0.499 0.029 0.022 0.294 
403 CAGUSL32    (8)   17 :  0.007 0.065 0.039 0.031 0.012 0.006 0.840 
404  CAGUSR1    (0)   18 :  0.114 0.036 0.012 0.728 0.032 0.047 0.032 
405  CAGUSR2    (8)   18 :  0.033 0.037 0.029 0.725 0.036 0.112 0.029 
406  CAGUSR3    (8)   18 :  0.007 0.011 0.019 0.935 0.008 0.010 0.009 
407  CAGUSR4    (8)   18 :  0.038 0.062 0.040 0.713 0.064 0.024 0.060 
408  CAGUSR5    (0)   18 :  0.021 0.036 0.012 0.819 0.051 0.010 0.052 
409  CAGUSR6    (0)   18 :  0.019 0.290 0.058 0.080 0.217 0.043 0.292 
410  CAGUSR7    (0)   18 :  0.028 0.021 0.040 0.706 0.010 0.107 0.089 
411  CAGUSR8    (8)   18 :  0.006 0.052 0.076 0.692 0.061 0.006 0.107 
412  CAGUSR9    (8)   18 :  0.003 0.007 0.005 0.963 0.006 0.010 0.005 
413 CAGUSR10    (8)   18 :  0.020 0.013 0.017 0.923 0.008 0.009 0.011 
414 CAGUSR11    (0)   18 :  0.012 0.120 0.035 0.603 0.013 0.045 0.173 
415 CAGUSR12    (8)   18 :  0.057 0.098 0.026 0.772 0.012 0.005 0.030 
416 CAGUSR13   (16)   18 :  0.013 0.025 0.047 0.817 0.016 0.034 0.047 
417 CAGUSR14    (0)   18 :  0.038 0.036 0.056 0.650 0.095 0.045 0.081 
418 CAGUSR15    (8)   18 :  0.026 0.129 0.203 0.470 0.038 0.020 0.114 
419 CAGUSR16    (8)   18 :  0.079 0.313 0.170 0.193 0.081 0.026 0.138 
420 CAGUSR17    (0)   18 :  0.011 0.027 0.014 0.857 0.041 0.031 0.018 
421 CAGUSR18    (0)   18 :  0.121 0.134 0.166 0.343 0.060 0.016 0.160 
422 CAGUSR19    (8)   18 :  0.006 0.063 0.111 0.644 0.014 0.063 0.099 
423 CAGUSR20    (0)   18 :  0.040 0.024 0.014 0.696 0.013 0.056 0.157 
424 CAGUSR21    (0)   18 :  0.044 0.019 0.029 0.657 0.028 0.194 0.028 
425 CAGUSR22    (0)   18 :  0.070 0.013 0.013 0.856 0.018 0.011 0.018 
426 CAGUSR23    (0)   18 :  0.035 0.451 0.086 0.046 0.059 0.031 0.291 
427 CAGUSR24    (0)   18 :  0.031 0.141 0.035 0.097 0.087 0.118 0.491 
428 CAGUSR25    (8)   18 :  0.026 0.382 0.024 0.437 0.081 0.021 0.029 
429 CAGUSR26    (0)   18 :  0.006 0.255 0.276 0.384 0.010 0.048 0.020 
430 CAGUSR27    (0)   18 :  0.007 0.198 0.014 0.691 0.023 0.054 0.013 
431 CAGUSR28    (0)   18 :  0.014 0.015 0.009 0.924 0.015 0.010 0.013 
432 CAGUSR29    (0)   18 :  0.016 0.330 0.050 0.463 0.009 0.006 0.128 
433 CAGUSR30    (8)   18 :  0.049 0.042 0.638 0.135 0.015 0.007 0.114 
434 CAGUSR31    (0)   18 :  0.011 0.041 0.084 0.697 0.030 0.102 0.034 
435 CAGUSR32    (0)   18 :  0.010 0.013 0.016 0.941 0.007 0.005 0.009 
436 CAGUDCR1    (0)   19 :  0.012 0.012 0.010 0.943 0.010 0.006 0.007 
437 CAGUDCR2    (8)   19 :  0.019 0.092 0.124 0.585 0.043 0.020 0.118 
438 CAGUDCR3    (0)   19 :  0.027 0.024 0.020 0.858 0.033 0.017 0.022 
439 CAGUDCR4    (0)   19 :  0.004 0.006 0.006 0.968 0.006 0.005 0.006 
440 CAGUDCR5    (8)   19 :  0.010 0.009 0.007 0.943 0.012 0.009 0.010 
441 CAGUDCR6    (0)   19 :  0.004 0.006 0.010 0.962 0.005 0.004 0.008 
442 CAGUDCR7    (0)   19 :  0.005 0.007 0.018 0.952 0.006 0.005 0.006 
443 CAGUDCR8    (0)   19 :  0.017 0.039 0.043 0.780 0.023 0.073 0.025 
444 CAGUDCR9   (16)   19 :  0.004 0.006 0.009 0.966 0.005 0.004 0.005 
445 CAGUDCR10    (0)   19 :  0.176 0.006 0.005 0.797 0.006 0.005 0.005 
446 CAGUDCR11    (0)   19 :  0.018 0.019 0.013 0.889 0.026 0.010 0.026 
447 CAGUDCR12    (0)   19 :  0.005 0.013 0.102 0.852 0.008 0.007 0.013 
448 CAGUDCR13    (0)   19 :  0.012 0.014 0.048 0.882 0.013 0.020 0.011 
449 CAGUDCR15    (0)   19 :  0.006 0.007 0.007 0.962 0.007 0.006 0.005 
450 CAGUDCR16    (0)   19 :  0.035 0.011 0.173 0.749 0.011 0.010 0.011 
451 CAGUDCR17    (0)   19 :  0.007 0.007 0.007 0.952 0.005 0.004 0.018 
452 CAGUDCR18    (0)   19 :  0.006 0.023 0.034 0.887 0.012 0.007 0.032 
453 CAGUDCR19    (0)   19 :  0.013 0.074 0.010 0.722 0.040 0.031 0.111 
454 CAGUDCR20    (0)   19 :  0.007 0.007 0.011 0.954 0.006 0.004 0.011 
455 CAGUDCR21    (8)   19 :  0.021 0.014 0.047 0.870 0.024 0.009 0.016 
456 CAGUDCR22   (16)   19 :  0.007 0.021 0.011 0.905 0.017 0.013 0.026 
457 CAGUDCR23    (8)   19 :  0.004 0.010 0.012 0.951 0.008 0.008 0.007 
458 CAGUDCR24    (0)   19 :  0.005 0.006 0.006 0.967 0.006 0.004 0.006 
459 CAGUDCR25    (0)   19 :  0.004 0.006 0.008 0.965 0.005 0.008 0.005 
460 CAGUDCR26    (8)   19 :  0.033 0.014 0.007 0.901 0.020 0.013 0.013 
461 CAGUDCR27    (8)   19 :  0.011 0.204 0.012 0.733 0.015 0.007 0.018 
462 CAGUDCR28    (8)   19 :  0.005 0.007 0.007 0.962 0.007 0.005 0.007 
463 CAGUDCR29    (0)   19 :  0.007 0.008 0.005 0.960 0.007 0.008 0.006 
464 CAGUDCR30    (0)   19 :  0.004 0.006 0.017 0.959 0.005 0.004 0.005 
465 CAGUDCR31    (0)   19 :  0.004 0.004 0.005 0.975 0.004 0.004 0.004 
466 CAGUDCR32   (16)   19 :  0.004 0.007 0.011 0.963 0.005 0.004 0.006 
467 CAGUSCR1    (8)   20 :  0.004 0.023 0.037 0.876 0.013 0.006 0.041 
468 CAGUSCR2    (8)   20 :  0.014 0.013 0.116 0.819 0.015 0.014 0.009 
469 CAGUSCR3    (0)   20 :  0.005 0.006 0.006 0.968 0.006 0.004 0.005 
470 CAGUSCR4    (8)   20 :  0.005 0.021 0.014 0.821 0.013 0.008 0.118 
471 CAGUSCR5    (0)   20 :  0.006 0.024 0.089 0.539 0.010 0.318 0.015 
472 CAGUSCR6    (0)   20 :  0.004 0.009 0.010 0.940 0.007 0.021 0.009 
473 CAGUSCR7    (8)   20 :  0.012 0.013 0.045 0.890 0.008 0.019 0.012 
474 CAGUSCR8   (25)   20 :  0.013 0.024 0.262 0.669 0.011 0.009 0.012 
475 CAGUSCR9    (8)   20 :  0.004 0.005 0.008 0.966 0.004 0.008 0.004 
476 CAGUSCR10    (8)   20 :  0.005 0.005 0.007 0.972 0.004 0.003 0.005 
477 CAGUSCR11   (25)   20 :  0.030 0.036 0.136 0.731 0.029 0.011 0.026 
478 CAGUSCR12    (0)   20 :  0.009 0.052 0.110 0.698 0.036 0.008 0.088 
479 CAGUSCR13    (0)   20 :  0.006 0.018 0.054 0.880 0.012 0.011 0.020 
480 CAGUSCR14    (0)   20 :  0.006 0.007 0.012 0.961 0.004 0.003 0.007 
481 CAGUSCR15    (0)   20 :  0.011 0.070 0.568 0.214 0.045 0.015 0.078 
482 CAGUSCR16    (0)   20 :  0.012 0.010 0.008 0.947 0.008 0.008 0.008 
483 CAGUSCR17    (8)   20 :  0.005 0.008 0.014 0.954 0.005 0.006 0.008 
484 CAGUSCR18    (0)   20 :  0.005 0.005 0.007 0.971 0.004 0.003 0.005 
485 CAGUSCR19   (25)   20 :  0.009 0.023 0.751 0.149 0.013 0.040 0.015 
486 CAGUSCR20   (25)   20 :  0.013 0.010 0.013 0.938 0.008 0.005 0.013 
487 CAGUSCR21    (0)   20 :  0.025 0.020 0.531 0.185 0.016 0.202 0.021 
488 CAGUSCR22   (16)   20 :  0.013 0.010 0.018 0.886 0.010 0.054 0.009 
489 CAGUSCR23    (0)   20 :  0.006 0.010 0.011 0.951 0.009 0.005 0.008 
490 CAGUSCR24    (8)   20 :  0.006 0.008 0.008 0.955 0.008 0.007 0.008 
491 CAGUSCR25   (16)   20 :  0.008 0.009 0.016 0.948 0.006 0.006 0.008 
492 CAGUSCR26    (8)   20 :  0.005 0.011 0.017 0.927 0.008 0.019 0.012 
493 CAGUSCR27    (8)   20 :  0.043 0.026 0.025 0.806 0.017 0.070 0.014 
494 CAGUSCR28    (0)   20 :  0.006 0.006 0.006 0.966 0.006 0.005 0.006 
495 CAGUSCR29    (8)   20 :  0.006 0.016 0.011 0.936 0.007 0.005 0.021 
496 CAGUSCR30   (16)   20 :  0.004 0.006 0.007 0.969 0.005 0.005 0.006 
497  CAGURC2    (8)   21 :  0.155 0.084 0.021 0.588 0.043 0.032 0.077 
498  CAGURC3    (8)   21 :  0.018 0.092 0.439 0.391 0.008 0.010 0.042 
499  CAGURC4    (0)   21 :  0.024 0.018 0.097 0.527 0.014 0.265 0.055 
500  CAGURC6    (0)   21 :  0.006 0.023 0.740 0.184 0.017 0.016 0.014 
501  CAGURC7    (0)   21 :  0.105 0.012 0.808 0.040 0.008 0.012 0.014 
502 CAGURC10    (0)   21 :  0.020 0.095 0.516 0.220 0.032 0.094 0.024 
503 CAGURC11    (0)   21 :  0.112 0.628 0.061 0.008 0.018 0.031 0.141 
504 CAGURC13   (25)   21 :  0.009 0.014 0.896 0.032 0.015 0.024 0.011 
505 CAGURC19    (0)   21 :  0.013 0.043 0.612 0.035 0.013 0.006 0.278 
506 CAGURC20    (8)   21 :  0.079 0.071 0.018 0.547 0.051 0.022 0.212 
