

----------------------------------------------------
STRUCTURE by Pritchard, Stephens and Donnelly (2000)
     and Falush, Stephens and Pritchard (2003)
       Code by Pritchard, Falush and Hubisz
             Version 2.3.4 (Jul 2012)
----------------------------------------------------



Command line arguments:   bin/structure -m "/Users/Calochortus/Desktop/CAGU_Struct_NoBJ/CAGU_NoBJ/100/mainparams" -e "/Users/Calochortus/Desktop/CAGU_Struct_NoBJ/CAGU_NoBJ/100/extraparams" 
Input File:    /Users/Calochortus/Desktop/CAGU_Struct_NoBJ/CAGU_NoBJ/project_data

Run parameters:
   604 individuals
   12 loci
   7 populations assumed
   100000 Burn-in period
   100000 Reps


--------------------------------------------
Proportion of membership of each pre-defined
 population in each of the 7 clusters

Given    Inferred Clusters                                   Number of
 Pop       1      2      3      4      5      6      7      Individuals

  1:     0.007  0.014  0.016  0.014  0.015  0.016  0.917       32
  2:     0.014  0.012  0.036  0.032  0.046  0.836  0.024       31
  3:     0.022  0.021  0.144  0.057  0.050  0.647  0.060       33
  4:     0.007  0.011  0.054  0.024  0.050  0.836  0.018       28
  5:     0.023  0.014  0.072  0.079  0.091  0.613  0.110       24
  6:     0.034  0.072  0.108  0.020  0.028  0.690  0.047       11
  7:     0.019  0.019  0.145  0.095  0.558  0.082  0.082       28
  8:     0.015  0.031  0.062  0.208  0.403  0.086  0.197       20
 10:     0.017  0.026  0.355  0.179  0.387  0.024  0.011       13
 11:     0.043  0.031  0.170  0.274  0.338  0.103  0.040       28
 12:     0.015  0.030  0.296  0.408  0.147  0.081  0.023       30
 13:     0.016  0.033  0.224  0.359  0.241  0.092  0.034       27
 14:     0.044  0.043  0.260  0.264  0.323  0.042  0.023       32
 15:     0.020  0.081  0.255  0.383  0.194  0.050  0.017       32
 16:     0.267  0.112  0.390  0.115  0.018  0.025  0.072        2
 17:     0.371  0.075  0.207  0.184  0.096  0.043  0.023       32
 18:     0.614  0.076  0.104  0.094  0.040  0.041  0.032       32
 19:     0.894  0.026  0.022  0.019  0.013  0.010  0.016       31
 20:     0.815  0.096  0.017  0.020  0.012  0.029  0.010       30
 21:     0.232  0.418  0.098  0.108  0.026  0.060  0.059       13
 22:     0.107  0.689  0.052  0.074  0.022  0.037  0.020       31
 23:     0.136  0.652  0.057  0.066  0.031  0.024  0.035       30
 24:     0.021  0.710  0.116  0.048  0.054  0.025  0.025       34
--------------------------------------------

Allele-freq. divergence among pops (Net nucleotide distance),
computed using point estimates of P.

      1       2       3       4       5       6       7      
 1      -    0.1112  0.1871  0.1949  0.2555  0.3514  0.3360  
 2   0.1112     -    0.1041  0.1043  0.1592  0.2350  0.2323  
 3   0.1871  0.1041     -    0.0309  0.0298  0.0907  0.1420  
 4   0.1949  0.1043  0.0309     -    0.0384  0.1315  0.1628  
 5   0.2555  0.1592  0.0298  0.0384     -    0.1074  0.1608  
 6   0.3514  0.2350  0.0907  0.1315  0.1074     -    0.1555  
 7   0.3360  0.2323  0.1420  0.1628  0.1608  0.1555     -    

Average distances (expected heterozygosity) between individuals in same cluster:
cluster  1  : 0.4304 
cluster  2  : 0.6324 
cluster  3  : 0.5771 
cluster  4  : 0.5536 
cluster  5  : 0.4729 
cluster  6  : 0.3648 
cluster  7  : 0.3411 

--------------------------------------------
Estimated Ln Prob of Data   = -14019.1
Mean value of ln likelihood = -13443.7
Variance of ln likelihood   = 1150.8
Mean value of alpha         = 0.0564

Mean value of Fst_1         = 0.3221
Mean value of Fst_2         = 0.1237
Mean value of Fst_3         = 0.0864
Mean value of Fst_4         = 0.0995
Mean value of Fst_5         = 0.1864
Mean value of Fst_6         = 0.4306
Mean value of Fst_7         = 0.4910


Inferred ancestry of individuals:
        Label (%Miss) Pop:  Inferred clusters
  1 CAGUABR1    (8)    1 :  0.007 0.006 0.008 0.008 0.009 0.015 0.947 
  2 CAGUABR2    (0)    1 :  0.011 0.018 0.089 0.086 0.052 0.019 0.726 
  3 CAGUABR3    (8)    1 :  0.005 0.005 0.008 0.006 0.009 0.009 0.959 
  4 CAGUABR4    (8)    1 :  0.004 0.005 0.008 0.007 0.008 0.008 0.960 
  5 CAGUABR5    (8)    1 :  0.009 0.007 0.016 0.011 0.013 0.023 0.921 
  6 CAGUABR6    (8)    1 :  0.006 0.007 0.012 0.013 0.018 0.014 0.929 
  7 CAGUABR7    (0)    1 :  0.003 0.003 0.005 0.005 0.005 0.008 0.971 
  8 CAGUABR8    (0)    1 :  0.007 0.009 0.014 0.014 0.015 0.007 0.934 
  9 CAGUABR9    (0)    1 :  0.009 0.005 0.007 0.009 0.007 0.008 0.957 
 10 CAGUABR10    (0)    1 :  0.006 0.007 0.017 0.019 0.020 0.026 0.906 
 11 CAGUABR11    (8)    1 :  0.005 0.006 0.008 0.009 0.011 0.018 0.943 
 12 CAGUABR12    (8)    1 :  0.017 0.032 0.082 0.021 0.043 0.063 0.743 
 13 CAGUABR13    (0)    1 :  0.005 0.004 0.007 0.007 0.012 0.020 0.946 
 14 CAGUABR14    (8)    1 :  0.014 0.009 0.018 0.014 0.015 0.037 0.894 
 15 CAGUABR15    (8)    1 :  0.006 0.005 0.006 0.005 0.007 0.007 0.963 
 16 CAGUABR16   (16)    1 :  0.007 0.181 0.014 0.011 0.012 0.011 0.763 
 17 CAGUABR17    (0)    1 :  0.008 0.005 0.017 0.031 0.014 0.030 0.896 
 18 CAGUABR18    (8)    1 :  0.005 0.005 0.009 0.008 0.009 0.035 0.928 
 19 CAGUABR19    (8)    1 :  0.004 0.004 0.015 0.006 0.013 0.007 0.950 
 20 CAGUABR20    (0)    1 :  0.005 0.005 0.006 0.005 0.006 0.007 0.966 
 21 CAGUABR21    (0)    1 :  0.006 0.006 0.011 0.010 0.031 0.030 0.907 
 22 CAGUABR22    (8)    1 :  0.005 0.006 0.007 0.007 0.007 0.009 0.958 
 23 CAGUABR23    (8)    1 :  0.015 0.012 0.009 0.009 0.007 0.012 0.936 
 24 CAGUABR24    (8)    1 :  0.014 0.012 0.024 0.053 0.026 0.014 0.857 
 25 CAGUABR25    (8)    1 :  0.004 0.004 0.005 0.005 0.005 0.007 0.970 
 26 CAGUABR26    (8)    1 :  0.004 0.005 0.006 0.005 0.006 0.006 0.966 
 27 CAGUABR27    (8)    1 :  0.005 0.019 0.013 0.021 0.054 0.013 0.875 
 28 CAGUABR28    (0)    1 :  0.003 0.003 0.005 0.005 0.006 0.008 0.969 
 29 CAGUABR29    (0)    1 :  0.005 0.005 0.006 0.007 0.007 0.009 0.962 
 30 CAGUABR30    (8)    1 :  0.005 0.005 0.040 0.016 0.030 0.009 0.894 
 31 CAGUABR31    (0)    1 :  0.004 0.004 0.006 0.006 0.006 0.006 0.968 
 32 CAGUABR32    (8)    1 :  0.008 0.035 0.022 0.018 0.014 0.007 0.895 
 33  CAGUAD1    (0)    2 :  0.021 0.023 0.030 0.023 0.029 0.814 0.060 
 34  CAGUAD2    (0)    2 :  0.008 0.008 0.070 0.057 0.281 0.548 0.028 
 35  CAGUAD3    (0)    2 :  0.010 0.009 0.083 0.097 0.096 0.681 0.024 
 36  CAGUAD4   (25)    2 :  0.004 0.006 0.008 0.009 0.013 0.888 0.072 
 37  CAGUAD5    (8)    2 :  0.004 0.008 0.025 0.030 0.014 0.880 0.039 
 38  CAGUAD6    (0)    2 :  0.005 0.005 0.012 0.012 0.031 0.926 0.010 
 39  CAGUAD7    (0)    2 :  0.004 0.004 0.006 0.006 0.008 0.965 0.007 
 40  CAGUAD8    (8)    2 :  0.004 0.004 0.007 0.006 0.013 0.952 0.013 
 41  CAGUAD9    (0)    2 :  0.008 0.007 0.012 0.012 0.013 0.936 0.011 
 42 CAGUAD10   (25)    2 :  0.006 0.006 0.027 0.016 0.040 0.886 0.019 
 43 CAGUAD11    (0)    2 :  0.005 0.006 0.010 0.011 0.015 0.945 0.008 
 44 CAGUAD12    (0)    2 :  0.009 0.008 0.029 0.019 0.035 0.744 0.157 
 45 CAGUAD13    (0)    2 :  0.007 0.009 0.013 0.011 0.011 0.872 0.077 
 46 CAGUAD14    (0)    2 :  0.005 0.005 0.011 0.008 0.018 0.939 0.014 
 47 CAGUAD15    (0)    2 :  0.005 0.006 0.012 0.009 0.013 0.949 0.007 
 48 CAGUAD16    (0)    2 :  0.003 0.004 0.006 0.005 0.007 0.968 0.008 
 49 CAGUAD17    (0)    2 :  0.007 0.008 0.022 0.018 0.034 0.906 0.005 
 50 CAGUAD18    (0)    2 :  0.015 0.022 0.060 0.251 0.039 0.594 0.019 
 51 CAGUAD19    (0)    2 :  0.006 0.014 0.075 0.125 0.093 0.657 0.031 
 52 CAGUAD20    (0)    2 :  0.005 0.005 0.018 0.022 0.093 0.831 0.024 
 53 CAGUAD21    (0)    2 :  0.033 0.038 0.020 0.043 0.018 0.835 0.014 
 54 CAGUAD22    (0)    2 :  0.009 0.010 0.010 0.008 0.009 0.943 0.010 
 55 CAGUAD23    (0)    2 :  0.008 0.006 0.012 0.008 0.011 0.946 0.009 
 56 CAGUAD24    (0)    2 :  0.067 0.014 0.028 0.009 0.008 0.866 0.007 
 57 CAGUAD25    (0)    2 :  0.006 0.018 0.344 0.028 0.038 0.557 0.010 
 58 CAGUAD26   (16)    2 :  0.005 0.006 0.014 0.009 0.013 0.944 0.009 
 59 CAGUAD27    (0)    2 :  0.088 0.044 0.021 0.060 0.026 0.754 0.006 
 60 CAGUAD28    (0)    2 :  0.006 0.019 0.020 0.011 0.055 0.859 0.029 
 61 CAGUAD29    (0)    2 :  0.044 0.015 0.050 0.024 0.246 0.616 0.006 
 62 CAGUAD30    (0)    2 :  0.009 0.014 0.028 0.026 0.085 0.819 0.019 
 63 CAGUAD32    (0)    2 :  0.005 0.011 0.020 0.029 0.036 0.894 0.006 
 64  CAGUBH1    (0)    3 :  0.019 0.012 0.142 0.019 0.043 0.748 0.017 
 65  CAGUBH2    (0)    3 :  0.005 0.005 0.013 0.007 0.012 0.952 0.007 
 66  CAGUBH3   (25)    3 :  0.012 0.011 0.083 0.023 0.043 0.810 0.018 
 67  CAGUBH4    (0)    3 :  0.009 0.007 0.009 0.007 0.009 0.921 0.037 
 68  CAGUBH5    (0)    3 :  0.006 0.006 0.045 0.010 0.037 0.887 0.009 
 69  CAGUBH6    (0)    3 :  0.005 0.005 0.007 0.006 0.009 0.955 0.013 
 70  CAGUBH7    (0)    3 :  0.017 0.022 0.033 0.019 0.021 0.871 0.017 
 71  CAGUBH8   (25)    3 :  0.019 0.022 0.132 0.025 0.023 0.770 0.008 
 72  CAGUBH9    (8)    3 :  0.007 0.006 0.036 0.009 0.029 0.904 0.010 
 73 CAGUBH10    (0)    3 :  0.017 0.021 0.035 0.019 0.021 0.870 0.017 
 74 CAGUBH11    (8)    3 :  0.025 0.016 0.049 0.018 0.011 0.868 0.012 
 75 CAGUBH12   (25)    3 :  0.013 0.011 0.024 0.009 0.017 0.915 0.011 
 76 CAGUBH13   (33)    3 :  0.009 0.016 0.035 0.084 0.048 0.628 0.180 
 77 CAGUBH14   (16)    3 :  0.017 0.011 0.041 0.832 0.022 0.066 0.012 
 78 CAGUBH15    (0)    3 :  0.006 0.005 0.023 0.009 0.049 0.903 0.005 
 79 CAGUBH16    (0)    3 :  0.004 0.006 0.018 0.016 0.124 0.816 0.015 
 80 CAGUBH18    (8)    3 :  0.069 0.028 0.206 0.014 0.032 0.432 0.218 
 81 CAGUBH19    (8)    3 :  0.035 0.010 0.185 0.012 0.076 0.674 0.008 
 82 CAGUBH20    (8)    3 :  0.013 0.013 0.652 0.030 0.113 0.163 0.017 
 83 CAGUBH21    (8)    3 :  0.023 0.007 0.027 0.010 0.017 0.578 0.338 
 84 CAGUBH22    (0)    3 :  0.008 0.043 0.102 0.207 0.068 0.320 0.251 
 85 CAGUBH23    (0)    3 :  0.006 0.011 0.043 0.035 0.078 0.821 0.008 
 86 CAGUBH25   (25)    3 :  0.071 0.073 0.104 0.024 0.032 0.685 0.012 
 87 CAGUBH26    (0)    3 :  0.065 0.025 0.425 0.112 0.079 0.249 0.044 
 88 CAGUBH27    (0)    3 :  0.012 0.007 0.031 0.009 0.015 0.915 0.010 
 89 CAGUBH28   (25)    3 :  0.078 0.008 0.753 0.040 0.089 0.020 0.011 
 90 CAGUBH29    (0)    3 :  0.028 0.201 0.367 0.016 0.073 0.307 0.007 
 91 CAGUBH30    (0)    3 :  0.010 0.009 0.087 0.042 0.189 0.647 0.016 
 92 CAGUBH31    (0)    3 :  0.007 0.008 0.011 0.011 0.008 0.945 0.009 
 93 CAGUBH32    (0)    3 :  0.012 0.011 0.213 0.017 0.034 0.667 0.047 
 94 CAGUBH34    (0)    3 :  0.031 0.019 0.194 0.075 0.062 0.612 0.007 
 95 CAGUBH36   (33)    3 :  0.017 0.009 0.114 0.114 0.045 0.139 0.562 
 96 CAGUBH37    (8)    3 :  0.056 0.024 0.508 0.015 0.108 0.277 0.013 
 97 CAGUMSR1    (0)    4 :  0.007 0.006 0.015 0.012 0.019 0.935 0.007 
 98 CAGUMSR2    (0)    4 :  0.004 0.008 0.016 0.076 0.018 0.868 0.010 
 99 CAGUMSR3    (0)    4 :  0.004 0.005 0.018 0.019 0.013 0.935 0.006 
100 CAGUMSR4    (0)    4 :  0.004 0.004 0.007 0.007 0.011 0.957 0.010 
101 CAGUMSR5    (0)    4 :  0.010 0.006 0.011 0.007 0.010 0.948 0.009 
102 CAGUMSR6    (0)    4 :  0.004 0.006 0.017 0.019 0.045 0.887 0.021 
103 CAGUMSR7    (0)    4 :  0.008 0.013 0.020 0.032 0.013 0.905 0.008 
104 CAGUMSR8    (0)    4 :  0.003 0.004 0.009 0.008 0.013 0.956 0.007 
105 CAGUMSR9    (0)    4 :  0.010 0.009 0.042 0.044 0.026 0.857 0.013 
106 CAGUMSR10    (0)    4 :  0.008 0.005 0.013 0.008 0.011 0.948 0.007 
107 CAGUMSR11    (0)    4 :  0.011 0.007 0.067 0.024 0.038 0.843 0.009 
108 CAGUMSR12    (0)    4 :  0.004 0.005 0.008 0.011 0.010 0.940 0.021 
109 CAGUMSR13    (0)    4 :  0.004 0.004 0.008 0.008 0.011 0.945 0.019 
110 CAGUMSR14    (8)    4 :  0.030 0.124 0.082 0.058 0.014 0.686 0.006 
111 CAGUMSR15    (0)    4 :  0.004 0.004 0.008 0.007 0.008 0.947 0.022 
112 CAGUMSR16    (0)    4 :  0.006 0.016 0.061 0.018 0.080 0.745 0.074 
113 CAGUMSR18    (0)    4 :  0.014 0.005 0.018 0.024 0.019 0.853 0.067 
114 CAGUMSR19    (0)    4 :  0.007 0.006 0.012 0.010 0.014 0.928 0.024 
115 CAGUMSR20    (0)    4 :  0.003 0.004 0.010 0.012 0.010 0.953 0.008 
116 CAGUMSR21    (0)    4 :  0.010 0.011 0.058 0.025 0.038 0.840 0.018 
117 CAGUMSR22    (0)    4 :  0.004 0.005 0.010 0.010 0.014 0.950 0.007 
118 CAGUMSR23    (0)    4 :  0.004 0.005 0.009 0.009 0.010 0.948 0.015 
119 CAGUMSR24    (0)    4 :  0.004 0.004 0.007 0.006 0.009 0.964 0.007 
120 CAGUMSR25    (8)    4 :  0.006 0.006 0.013 0.012 0.016 0.885 0.061 
121 CAGUMSR26    (0)    4 :  0.008 0.021 0.157 0.079 0.386 0.339 0.011 
122 CAGUMSR28    (0)    4 :  0.005 0.005 0.015 0.066 0.017 0.883 0.008 
123 CAGUMSR29   (16)    4 :  0.008 0.010 0.026 0.020 0.468 0.441 0.026 
124 CAGUMSR30    (0)    4 :  0.009 0.012 0.770 0.030 0.051 0.125 0.004 
125 CAGURAT6    (0)    5 :  0.020 0.013 0.015 0.013 0.011 0.747 0.181 
126 CAGURAT8   (16)    5 :  0.009 0.016 0.059 0.036 0.225 0.618 0.037 
127 CAGURAT10    (8)    5 :  0.005 0.005 0.015 0.010 0.026 0.925 0.014 
128 CAGURAT11    (0)    5 :  0.028 0.027 0.094 0.026 0.146 0.633 0.046 
129 CAGURAT12   (25)    5 :  0.078 0.014 0.115 0.050 0.219 0.224 0.301 
130 CAGURAT14   (25)    5 :  0.013 0.043 0.098 0.684 0.050 0.074 0.037 
131 CAGURAT15   (25)    5 :  0.040 0.008 0.027 0.021 0.023 0.818 0.063 
132 CAGURAT16   (16)    5 :  0.014 0.024 0.058 0.025 0.047 0.777 0.055 
133 CAGURAT17    (0)    5 :  0.015 0.011 0.054 0.011 0.106 0.405 0.397 
134 CAGURAT18   (41)    5 :  0.009 0.009 0.081 0.700 0.085 0.053 0.063 
135 CAGURAT19    (8)    5 :  0.023 0.016 0.024 0.013 0.024 0.891 0.010 
136 CAGURAT20   (16)    5 :  0.044 0.018 0.026 0.010 0.024 0.625 0.252 
137 CAGURAT21    (8)    5 :  0.063 0.014 0.024 0.014 0.008 0.872 0.005 
138 CAGURAT22    (8)    5 :  0.006 0.007 0.054 0.032 0.048 0.834 0.018 
139 CAGURAT23    (0)    5 :  0.005 0.006 0.022 0.016 0.033 0.897 0.020 
140 CAGURAT25    (0)    5 :  0.005 0.006 0.022 0.019 0.054 0.882 0.013 
141 CAGURAT29    (0)    5 :  0.006 0.011 0.103 0.022 0.620 0.225 0.013 
142 CAGURAT30    (0)    5 :  0.019 0.020 0.011 0.007 0.009 0.294 0.641 
143 CAGURAT31    (0)    5 :  0.006 0.008 0.073 0.014 0.144 0.749 0.007 
144 CAGURAT32    (8)    5 :  0.013 0.016 0.047 0.065 0.044 0.444 0.371 
145 CAGURAT33   (25)    5 :  0.006 0.008 0.012 0.013 0.013 0.934 0.014 
146 CAGURAT34    (0)    5 :  0.007 0.005 0.026 0.015 0.023 0.916 0.008 
147 CAGURAT35    (0)    5 :  0.095 0.010 0.323 0.015 0.148 0.402 0.008 
148 CAGURAT36    (0)    5 :  0.015 0.020 0.335 0.054 0.051 0.470 0.056 
149  CAGUWP1    (8)    6 :  0.011 0.008 0.018 0.015 0.013 0.925 0.010 
150  CAGUWP7    (8)    6 :  0.008 0.011 0.041 0.024 0.033 0.806 0.077 
151  CAGUWP9   (33)    6 :  0.015 0.008 0.010 0.007 0.011 0.938 0.011 
152 CAGUWP11   (16)    6 :  0.009 0.007 0.083 0.021 0.086 0.781 0.013 
153 CAGUWP14   (16)    6 :  0.015 0.043 0.205 0.026 0.016 0.672 0.023 
154 CAGUWP17   (16)    6 :  0.114 0.035 0.566 0.026 0.039 0.206 0.013 
155 CAGUWP18   (16)    6 :  0.029 0.009 0.050 0.021 0.045 0.816 0.029 
156 CAGUWP19    (8)    6 :  0.025 0.462 0.026 0.018 0.021 0.269 0.179 
157 CAGUWP20    (8)    6 :  0.009 0.006 0.010 0.009 0.007 0.952 0.007 
158 CAGUWP21   (16)    6 :  0.027 0.182 0.154 0.047 0.023 0.524 0.043 
159 CAGUWP22    (8)    6 :  0.106 0.024 0.030 0.011 0.017 0.701 0.112 
160  CAGUSD1   (25)    7 :  0.013 0.007 0.046 0.019 0.838 0.016 0.062 
161  CAGUSD3   (33)    7 :  0.057 0.042 0.162 0.257 0.276 0.028 0.178 
162  CAGUSD4    (0)    7 :  0.013 0.010 0.061 0.037 0.584 0.070 0.224 
163  CAGUSD5   (25)    7 :  0.008 0.009 0.056 0.035 0.865 0.017 0.010 
164  CAGUSD7    (8)    7 :  0.017 0.008 0.241 0.019 0.484 0.218 0.012 
165  CAGUSD8    (8)    7 :  0.011 0.008 0.151 0.238 0.496 0.070 0.026 
166  CAGUSD9    (8)    7 :  0.011 0.011 0.548 0.046 0.361 0.013 0.010 
167 CAGUSD11   (16)    7 :  0.012 0.040 0.362 0.031 0.133 0.253 0.169 
168 CAGUSD12   (16)    7 :  0.014 0.015 0.491 0.275 0.138 0.034 0.031 
169 CAGUSD14    (0)    7 :  0.005 0.010 0.251 0.017 0.677 0.027 0.013 
170 CAGUSD15    (8)    7 :  0.018 0.006 0.022 0.028 0.899 0.013 0.014 
171 CAGUSD16    (8)    7 :  0.026 0.008 0.052 0.097 0.261 0.045 0.511 
172 CAGUSD17   (16)    7 :  0.018 0.039 0.331 0.382 0.101 0.101 0.027 
173 CAGUSD18   (16)    7 :  0.015 0.084 0.086 0.073 0.420 0.296 0.026 
174 CAGUSD19    (0)    7 :  0.006 0.010 0.019 0.043 0.888 0.014 0.019 
175 CAGUSD20    (0)    7 :  0.083 0.021 0.030 0.013 0.791 0.013 0.050 
176 CAGUSD21    (0)    7 :  0.006 0.005 0.093 0.015 0.524 0.336 0.022 
177 CAGUSD22    (0)    7 :  0.011 0.005 0.147 0.357 0.352 0.110 0.017 
178 CAGUSD23   (16)    7 :  0.019 0.072 0.334 0.033 0.475 0.060 0.008 
179 CAGUSD25    (8)    7 :  0.078 0.019 0.097 0.027 0.188 0.056 0.535 
180 CAGUSD27    (0)    7 :  0.004 0.004 0.012 0.009 0.928 0.028 0.014 
181 CAGUSD28   (16)    7 :  0.013 0.011 0.165 0.302 0.400 0.095 0.015 
182 CAGUSD29    (8)    7 :  0.011 0.008 0.027 0.025 0.893 0.014 0.022 
183 CAGUSD30    (0)    7 :  0.026 0.013 0.097 0.022 0.655 0.042 0.145 
184 CAGUSD32    (0)    7 :  0.011 0.017 0.038 0.018 0.841 0.063 0.012 
185 CAGUSD33   (16)    7 :  0.008 0.006 0.023 0.012 0.926 0.016 0.009 
186 CAGUSD34    (8)    7 :  0.005 0.006 0.047 0.099 0.528 0.233 0.083 
187 CAGUSD35    (0)    7 :  0.015 0.030 0.073 0.135 0.712 0.007 0.027 
188 CAGURGR1   (16)    8 :  0.009 0.006 0.023 0.016 0.670 0.020 0.256 
189 CAGURGR4    (0)    8 :  0.027 0.026 0.186 0.075 0.104 0.427 0.155 
190 CAGURGR5    (0)    8 :  0.004 0.006 0.032 0.624 0.075 0.203 0.056 
191 CAGURGR6    (8)    8 :  0.015 0.013 0.117 0.334 0.170 0.023 0.328 
192 CAGURGR7    (0)    8 :  0.008 0.042 0.027 0.027 0.875 0.009 0.013 
193 CAGURGR8    (8)    8 :  0.005 0.006 0.025 0.872 0.028 0.035 0.030 
194 CAGURGR9   (16)    8 :  0.011 0.010 0.067 0.219 0.609 0.034 0.049 
195 CAGURGR10    (0)    8 :  0.007 0.050 0.015 0.013 0.902 0.007 0.005 
196 CAGURGR11    (0)    8 :  0.005 0.005 0.042 0.027 0.550 0.090 0.282 
197 CAGURGR12    (0)    8 :  0.019 0.156 0.036 0.105 0.022 0.009 0.653 
198 CAGURGR13    (0)    8 :  0.007 0.006 0.041 0.275 0.617 0.044 0.010 
199 CAGURGR14    (0)    8 :  0.012 0.015 0.118 0.019 0.510 0.015 0.311 
200 CAGURGR15   (25)    8 :  0.006 0.005 0.012 0.012 0.938 0.017 0.010 
201 CAGURGR16   (16)    8 :  0.006 0.010 0.069 0.504 0.169 0.166 0.076 
202 CAGURGR17    (8)    8 :  0.016 0.008 0.035 0.042 0.068 0.120 0.711 
203 CAGURGR19    (0)    8 :  0.012 0.015 0.027 0.096 0.826 0.008 0.017 
204 CAGURGR21    (8)    8 :  0.064 0.012 0.245 0.167 0.219 0.277 0.015 
205 CAGURGR22    (0)    8 :  0.043 0.019 0.036 0.031 0.057 0.013 0.801 
206 CAGURGR23   (16)    8 :  0.007 0.192 0.020 0.015 0.596 0.163 0.008 
207 CAGURGR24    (8)    8 :  0.010 0.011 0.063 0.679 0.047 0.039 0.151 
208  CAGUCM1    (0)   10 :  0.052 0.020 0.286 0.132 0.481 0.019 0.010 
209  CAGUCM2    (0)   10 :  0.010 0.012 0.279 0.191 0.492 0.011 0.005 
210  CAGUCM3    (0)   10 :  0.011 0.011 0.811 0.084 0.046 0.014 0.023 
211  CAGUCM4    (0)   10 :  0.007 0.022 0.015 0.937 0.009 0.005 0.004 
212  CAGUCM5   (33)   10 :  0.014 0.010 0.547 0.040 0.306 0.073 0.009 
213  CAGUCM6    (0)   10 :  0.026 0.028 0.748 0.138 0.039 0.013 0.009 
214  CAGUCM7    (0)   10 :  0.005 0.007 0.115 0.028 0.820 0.018 0.007 
215  CAGUCM8    (0)   10 :  0.013 0.055 0.259 0.034 0.555 0.071 0.013 
216  CAGUCM9    (0)   10 :  0.007 0.006 0.611 0.070 0.268 0.031 0.007 
217 CAGUCM10    (0)   10 :  0.006 0.018 0.191 0.047 0.712 0.007 0.018 
218 CAGUCM11    (0)   10 :  0.028 0.042 0.254 0.148 0.481 0.030 0.018 
219 CAGUCM12    (8)   10 :  0.035 0.040 0.201 0.306 0.396 0.013 0.010 
220 CAGUCM13    (0)   10 :  0.009 0.072 0.301 0.174 0.427 0.010 0.007 
221 CAGULPR1    (0)   11 :  0.013 0.014 0.074 0.049 0.297 0.536 0.016 
222 CAGULPR2    (0)   11 :  0.140 0.024 0.042 0.702 0.027 0.021 0.043 
223 CAGULPR3    (0)   11 :  0.004 0.006 0.028 0.015 0.936 0.006 0.005 
224 CAGULPR4    (0)   11 :  0.018 0.008 0.368 0.030 0.519 0.048 0.009 
225 CAGULPR5    (0)   11 :  0.008 0.009 0.190 0.634 0.128 0.025 0.006 
226 CAGULPR6    (0)   11 :  0.145 0.018 0.151 0.581 0.051 0.037 0.016 
227 CAGULPR7    (0)   11 :  0.043 0.029 0.334 0.490 0.084 0.013 0.006 
228 CAGULPR8    (0)   11 :  0.005 0.007 0.019 0.015 0.931 0.015 0.008 
229 CAGULPR9    (0)   11 :  0.007 0.010 0.239 0.600 0.117 0.020 0.007 
230 CAGULPR10    (0)   11 :  0.006 0.007 0.062 0.079 0.180 0.172 0.494 
231 CAGULPR11    (0)   11 :  0.005 0.008 0.128 0.210 0.409 0.125 0.116 
232 CAGULPR12    (0)   11 :  0.005 0.041 0.082 0.076 0.242 0.544 0.010 
233 CAGULPR13    (0)   11 :  0.022 0.023 0.301 0.021 0.320 0.275 0.038 
234 CAGULPR14    (0)   11 :  0.006 0.006 0.338 0.087 0.484 0.047 0.033 
235 CAGULPR15    (0)   11 :  0.007 0.008 0.033 0.907 0.017 0.021 0.008 
236 CAGULPR16    (0)   11 :  0.087 0.044 0.413 0.050 0.125 0.098 0.184 
237 CAGULPR17    (0)   11 :  0.224 0.363 0.142 0.126 0.107 0.033 0.005 
238 CAGULPR18    (0)   11 :  0.008 0.009 0.175 0.081 0.572 0.150 0.006 
239 CAGULPR19    (0)   11 :  0.012 0.016 0.241 0.162 0.518 0.044 0.007 
240 CAGULPR20    (0)   11 :  0.008 0.029 0.060 0.038 0.534 0.317 0.014 
241 CAGULPR21    (0)   11 :  0.277 0.055 0.166 0.044 0.318 0.127 0.014 
242 CAGULPR22    (0)   11 :  0.020 0.017 0.155 0.737 0.057 0.009 0.006 
243 CAGULPR23    (0)   11 :  0.039 0.017 0.334 0.038 0.536 0.015 0.021 
244 CAGULPR24    (0)   11 :  0.015 0.026 0.129 0.440 0.281 0.099 0.010 
245 CAGULPR25    (0)   11 :  0.004 0.005 0.011 0.012 0.938 0.022 0.008 
246 CAGULPR26    (0)   11 :  0.068 0.036 0.048 0.824 0.014 0.005 0.005 
247 CAGULPR28    (0)   11 :  0.004 0.007 0.300 0.038 0.608 0.037 0.006 
248 CAGULPR29    (8)   11 :  0.016 0.021 0.209 0.595 0.124 0.028 0.008 
249  CAGUPB1    (0)   12 :  0.039 0.015 0.112 0.115 0.260 0.440 0.018 
250  CAGUPB2    (0)   12 :  0.008 0.009 0.863 0.087 0.019 0.008 0.007 
251  CAGUPB3    (0)   12 :  0.006 0.006 0.051 0.850 0.026 0.010 0.051 
252  CAGUPB4    (0)   12 :  0.012 0.014 0.117 0.796 0.041 0.011 0.010 
253  CAGUPB5    (0)   12 :  0.012 0.018 0.605 0.115 0.147 0.079 0.025 
254  CAGUPB6    (0)   12 :  0.008 0.009 0.067 0.077 0.132 0.662 0.045 
255  CAGUPB7    (0)   12 :  0.009 0.009 0.093 0.765 0.074 0.024 0.026 
256  CAGUPB8    (0)   12 :  0.008 0.007 0.454 0.175 0.244 0.041 0.071 
257  CAGUPB9    (0)   12 :  0.007 0.038 0.564 0.128 0.189 0.059 0.015 
258 CAGUPB10    (0)   12 :  0.015 0.014 0.450 0.469 0.030 0.009 0.014 
259 CAGUPB11    (8)   12 :  0.007 0.008 0.178 0.754 0.030 0.012 0.010 
260 CAGUPB12    (0)   12 :  0.054 0.067 0.206 0.215 0.035 0.414 0.010 
261 CAGUPB13    (0)   12 :  0.023 0.030 0.022 0.868 0.008 0.018 0.030 
262 CAGUPB14    (0)   12 :  0.005 0.226 0.156 0.201 0.103 0.289 0.020 
263 CAGUPB15    (0)   12 :  0.007 0.012 0.102 0.698 0.161 0.012 0.008 
264 CAGUPB16    (0)   12 :  0.014 0.008 0.354 0.420 0.187 0.008 0.009 
265 CAGUPB18    (0)   12 :  0.011 0.009 0.402 0.256 0.178 0.016 0.129 
266 CAGUPB19    (0)   12 :  0.006 0.012 0.594 0.176 0.184 0.013 0.015 
267 CAGUPB20    (0)   12 :  0.015 0.009 0.700 0.105 0.105 0.043 0.022 
268 CAGUPB22    (0)   12 :  0.018 0.014 0.438 0.397 0.105 0.018 0.011 
269 CAGUPB23   (16)   12 :  0.013 0.026 0.202 0.649 0.089 0.012 0.009 
270 CAGUPB24    (0)   12 :  0.023 0.040 0.671 0.148 0.042 0.061 0.015 
271 CAGUPB25    (0)   12 :  0.030 0.016 0.180 0.728 0.029 0.009 0.008 
272 CAGUPB26    (0)   12 :  0.017 0.193 0.061 0.657 0.018 0.045 0.009 
273 CAGUPB27    (0)   12 :  0.009 0.010 0.820 0.073 0.066 0.014 0.009 
274 CAGUPB28    (8)   12 :  0.010 0.007 0.057 0.820 0.070 0.022 0.014 
275 CAGUPB29    (0)   12 :  0.005 0.008 0.045 0.016 0.879 0.020 0.028 
276 CAGUPB30    (0)   12 :  0.005 0.009 0.078 0.124 0.747 0.019 0.017 
277 CAGUPB31    (0)   12 :  0.035 0.058 0.169 0.619 0.082 0.024 0.014 
278 CAGUPB32    (0)   12 :  0.011 0.012 0.074 0.744 0.126 0.016 0.017 
279  CAGUMB1    (0)   13 :  0.069 0.031 0.461 0.149 0.115 0.141 0.034 
280  CAGUMB2    (0)   13 :  0.032 0.033 0.304 0.072 0.244 0.263 0.052 
281  CAGUMB3    (0)   13 :  0.035 0.036 0.060 0.391 0.438 0.022 0.017 
282  CAGUMB4    (0)   13 :  0.012 0.022 0.135 0.656 0.155 0.011 0.009 
283  CAGUMB6    (0)   13 :  0.015 0.007 0.496 0.218 0.171 0.052 0.041 
284  CAGUMB8    (0)   13 :  0.007 0.009 0.228 0.086 0.326 0.015 0.328 
285  CAGUMB9    (0)   13 :  0.008 0.006 0.604 0.288 0.050 0.025 0.019 
286 CAGUMB10    (0)   13 :  0.011 0.050 0.438 0.258 0.059 0.175 0.010 
287 CAGUMB11    (0)   13 :  0.010 0.016 0.308 0.175 0.105 0.362 0.023 
288 CAGUMB12    (0)   13 :  0.019 0.008 0.150 0.342 0.110 0.291 0.078 
289 CAGUMB14    (0)   13 :  0.009 0.078 0.025 0.853 0.015 0.011 0.009 
290 CAGUMB15    (0)   13 :  0.017 0.009 0.240 0.061 0.631 0.034 0.008 
291 CAGUMB16    (0)   13 :  0.010 0.046 0.218 0.164 0.520 0.012 0.030 
292 CAGUMB17    (0)   13 :  0.037 0.025 0.446 0.202 0.225 0.026 0.038 
293 CAGUMB18    (0)   13 :  0.010 0.008 0.030 0.836 0.092 0.016 0.008 
294 CAGUMB19    (0)   13 :  0.007 0.017 0.033 0.064 0.852 0.017 0.009 
295 CAGUMB20    (0)   13 :  0.006 0.028 0.107 0.812 0.020 0.017 0.010 
296 CAGUMB21    (0)   13 :  0.006 0.010 0.055 0.052 0.790 0.081 0.007 
297 CAGUMB22    (0)   13 :  0.004 0.011 0.014 0.916 0.037 0.010 0.008 
298 CAGUMB24    (0)   13 :  0.004 0.158 0.039 0.489 0.021 0.280 0.008 
299 CAGUMB25    (0)   13 :  0.024 0.179 0.521 0.125 0.020 0.117 0.013 
300 CAGUMB26    (0)   13 :  0.018 0.007 0.281 0.082 0.352 0.243 0.016 
301 CAGUMB27    (8)   13 :  0.022 0.009 0.416 0.179 0.260 0.106 0.010 
302 CAGUMB28    (0)   13 :  0.005 0.006 0.096 0.020 0.785 0.077 0.010 
303 CAGUMB29    (0)   13 :  0.008 0.013 0.127 0.670 0.027 0.049 0.107 
304 CAGUMB30    (0)   13 :  0.023 0.068 0.172 0.699 0.017 0.014 0.007 
305 CAGUMB31    (0)   13 :  0.006 0.011 0.046 0.847 0.060 0.009 0.020 
306  CAGUFP1    (8)   14 :  0.160 0.032 0.286 0.074 0.434 0.008 0.005 
307  CAGUFP2    (8)   14 :  0.010 0.021 0.461 0.084 0.398 0.020 0.007 
308  CAGUFP3   (25)   14 :  0.010 0.012 0.330 0.035 0.556 0.048 0.009 
309  CAGUFP4    (8)   14 :  0.076 0.056 0.304 0.072 0.451 0.022 0.018 
310  CAGUFP5    (8)   14 :  0.011 0.009 0.076 0.025 0.857 0.012 0.010 
311  CAGUFP6    (0)   14 :  0.012 0.017 0.494 0.041 0.406 0.018 0.012 
312  CAGUFP7    (0)   14 :  0.030 0.084 0.349 0.110 0.259 0.104 0.064 
313  CAGUFP8   (16)   14 :  0.342 0.018 0.026 0.584 0.011 0.010 0.009 
314  CAGUFP9   (16)   14 :  0.111 0.026 0.030 0.799 0.012 0.013 0.008 
315 CAGUFP10    (0)   14 :  0.054 0.062 0.129 0.699 0.028 0.015 0.013 
316 CAGUFP11    (0)   14 :  0.044 0.009 0.112 0.735 0.051 0.024 0.025 
317 CAGUFP12    (0)   14 :  0.024 0.051 0.328 0.441 0.081 0.052 0.022 
318 CAGUFP14    (0)   14 :  0.097 0.018 0.214 0.208 0.431 0.021 0.010 
319 CAGUFP15    (0)   14 :  0.005 0.010 0.728 0.058 0.163 0.024 0.013 
320 CAGUFP16    (0)   14 :  0.051 0.432 0.241 0.047 0.172 0.034 0.023 
321 CAGUFP17    (0)   14 :  0.028 0.009 0.085 0.730 0.055 0.049 0.044 
322 CAGUFP18    (0)   14 :  0.049 0.013 0.812 0.042 0.026 0.049 0.010 
323 CAGUFP19    (0)   14 :  0.047 0.012 0.788 0.031 0.040 0.066 0.017 
324 CAGUFP20   (25)   14 :  0.007 0.008 0.150 0.121 0.681 0.021 0.013 
325 CAGUFP21    (0)   14 :  0.005 0.012 0.046 0.813 0.100 0.013 0.010 
326 CAGUFP22    (8)   14 :  0.041 0.017 0.746 0.024 0.043 0.116 0.012 
327 CAGUFP23    (0)   14 :  0.007 0.014 0.490 0.200 0.153 0.114 0.021 
328 CAGUFP24    (0)   14 :  0.013 0.009 0.122 0.728 0.051 0.047 0.030 
329 CAGUFP25    (0)   14 :  0.009 0.023 0.105 0.105 0.632 0.117 0.009 
330 CAGUFP27    (0)   14 :  0.034 0.021 0.035 0.859 0.036 0.009 0.006 
331 CAGUFP28   (16)   14 :  0.006 0.009 0.111 0.138 0.546 0.083 0.108 
332 CAGUFP29    (0)   14 :  0.013 0.066 0.128 0.052 0.683 0.040 0.019 
333 CAGUFP30    (0)   14 :  0.005 0.008 0.024 0.026 0.912 0.016 0.010 
334 CAGUFP31    (0)   14 :  0.069 0.114 0.098 0.217 0.487 0.007 0.008 
335 CAGUFP32    (8)   14 :  0.022 0.016 0.049 0.028 0.864 0.010 0.011 
336 CAGUFP33    (8)   14 :  0.006 0.154 0.268 0.133 0.268 0.026 0.145 
337 CAGUFP34    (0)   14 :  0.009 0.026 0.168 0.181 0.464 0.141 0.010 
338 CAGUDIX1    (0)   15 :  0.033 0.124 0.190 0.244 0.371 0.014 0.023 
339 CAGUDIX2    (0)   15 :  0.014 0.034 0.314 0.401 0.218 0.008 0.010 
340 CAGUDIX3    (0)   15 :  0.083 0.069 0.229 0.552 0.041 0.014 0.013 
341 CAGUDIX4    (0)   15 :  0.055 0.104 0.682 0.069 0.058 0.009 0.023 
342 CAGUDIX5    (0)   15 :  0.008 0.190 0.030 0.714 0.039 0.010 0.009 
343 CAGUDIX6    (0)   15 :  0.014 0.020 0.049 0.885 0.015 0.010 0.008 
344 CAGUDIX7    (0)   15 :  0.010 0.008 0.290 0.490 0.154 0.033 0.014 
345 CAGUDIX8    (0)   15 :  0.013 0.046 0.512 0.398 0.015 0.011 0.005 
346 CAGUDIX9    (0)   15 :  0.011 0.008 0.599 0.093 0.256 0.018 0.014 
347 CAGUDIX10    (0)   15 :  0.006 0.009 0.359 0.126 0.429 0.016 0.055 
348 CAGUDIX11    (8)   15 :  0.026 0.015 0.718 0.073 0.143 0.013 0.011 
349 CAGUDIX12    (0)   15 :  0.012 0.028 0.051 0.053 0.828 0.017 0.012 
350 CAGUDIX13    (0)   15 :  0.022 0.091 0.167 0.045 0.542 0.021 0.113 
351 CAGUDIX14    (8)   15 :  0.008 0.429 0.049 0.039 0.453 0.017 0.006 
352 CAGUDIX15   (25)   15 :  0.010 0.010 0.155 0.533 0.247 0.036 0.008 
353 CAGUDIX16    (0)   15 :  0.008 0.036 0.198 0.123 0.549 0.071 0.014 
354 CAGUDIX17    (0)   15 :  0.012 0.015 0.071 0.855 0.034 0.008 0.005 
355 CAGUDIX18    (0)   15 :  0.033 0.040 0.144 0.628 0.122 0.019 0.014 
356 CAGUDIX19    (0)   15 :  0.006 0.008 0.033 0.575 0.047 0.318 0.013 
357 CAGUDIX20    (0)   15 :  0.017 0.147 0.169 0.394 0.253 0.014 0.005 
358 CAGUDIX21   (16)   15 :  0.010 0.015 0.417 0.436 0.098 0.014 0.010 
359 CAGUDIX22    (0)   15 :  0.037 0.017 0.429 0.283 0.200 0.028 0.006 
360 CAGUDIX23    (0)   15 :  0.015 0.178 0.082 0.128 0.578 0.011 0.009 
361 CAGUDIX24    (0)   15 :  0.005 0.008 0.199 0.559 0.185 0.023 0.021 
362 CAGUDIX25    (0)   15 :  0.015 0.399 0.355 0.123 0.052 0.045 0.011 
363 CAGUDIX26    (0)   15 :  0.044 0.027 0.091 0.755 0.021 0.008 0.054 
364 CAGUDIX27    (0)   15 :  0.027 0.254 0.529 0.101 0.067 0.010 0.011 
365 CAGUDIX28    (0)   15 :  0.008 0.016 0.717 0.155 0.042 0.054 0.007 
366 CAGUDIX29    (0)   15 :  0.008 0.018 0.087 0.810 0.055 0.012 0.011 
367 CAGUDIX30    (8)   15 :  0.011 0.021 0.149 0.251 0.036 0.517 0.015 
368 CAGUDIX31    (8)   15 :  0.007 0.158 0.060 0.543 0.037 0.182 0.013 
369 CAGUDIX32    (0)   15 :  0.044 0.051 0.038 0.822 0.031 0.009 0.006 
370 CAGUCR1151    (0)   16 :  0.252 0.094 0.256 0.205 0.027 0.040 0.125 
371 CAGUCR1152   (16)   16 :  0.281 0.130 0.523 0.026 0.010 0.010 0.019 
372  CAGUSL1    (8)   17 :  0.724 0.017 0.069 0.028 0.061 0.047 0.055 
373  CAGUSL2    (0)   17 :  0.084 0.026 0.535 0.287 0.048 0.011 0.010 
374  CAGUSL3    (0)   17 :  0.463 0.022 0.252 0.044 0.029 0.152 0.038 
375  CAGUSL4    (0)   17 :  0.699 0.159 0.033 0.049 0.042 0.010 0.008 
376  CAGUSL5    (0)   17 :  0.574 0.064 0.075 0.096 0.155 0.029 0.005 
377  CAGUSL6    (0)   17 :  0.441 0.039 0.095 0.290 0.061 0.053 0.022 
378  CAGUSL7    (0)   17 :  0.107 0.064 0.527 0.043 0.148 0.072 0.037 
379  CAGUSL8    (0)   17 :  0.318 0.151 0.341 0.073 0.037 0.033 0.046 
380  CAGUSL9   (25)   17 :  0.029 0.016 0.049 0.807 0.072 0.015 0.012 
381 CAGUSL10    (8)   17 :  0.495 0.021 0.172 0.027 0.215 0.060 0.010 
382 CAGUSL11   (16)   17 :  0.597 0.157 0.126 0.047 0.049 0.015 0.009 
383 CAGUSL12    (0)   17 :  0.463 0.018 0.198 0.053 0.192 0.053 0.023 
384 CAGUSL13    (0)   17 :  0.661 0.018 0.086 0.050 0.065 0.104 0.016 
385 CAGUSL14    (0)   17 :  0.063 0.024 0.706 0.086 0.078 0.034 0.008 
386 CAGUSL15    (8)   17 :  0.418 0.040 0.334 0.072 0.067 0.034 0.035 
387 CAGUSL16    (0)   17 :  0.125 0.028 0.443 0.062 0.282 0.022 0.040 
388 CAGUSL17    (8)   17 :  0.014 0.937 0.012 0.012 0.012 0.005 0.009 
389 CAGUSL18    (0)   17 :  0.575 0.023 0.067 0.061 0.077 0.136 0.060 
390 CAGUSL19    (0)   17 :  0.086 0.096 0.200 0.345 0.142 0.035 0.097 
391 CAGUSL20    (8)   17 :  0.748 0.049 0.054 0.042 0.069 0.020 0.017 
392 CAGUSL21    (0)   17 :  0.608 0.038 0.099 0.058 0.138 0.036 0.022 
393 CAGUSL22    (0)   17 :  0.382 0.034 0.137 0.112 0.273 0.032 0.031 
394 CAGUSL23    (8)   17 :  0.656 0.024 0.048 0.217 0.031 0.012 0.012 
395 CAGUSL24    (0)   17 :  0.053 0.050 0.609 0.049 0.116 0.116 0.007 
396 CAGUSL25    (8)   17 :  0.028 0.068 0.462 0.092 0.250 0.060 0.040 
397 CAGUSL26    (8)   17 :  0.031 0.023 0.347 0.519 0.054 0.015 0.009 
398 CAGUSL27    (0)   17 :  0.901 0.009 0.018 0.020 0.020 0.022 0.011 
399 CAGUSL28    (0)   17 :  0.411 0.094 0.095 0.207 0.087 0.096 0.011 
400 CAGUSL29    (0)   17 :  0.010 0.029 0.130 0.710 0.096 0.013 0.011 
401 CAGUSL30    (0)   17 :  0.579 0.025 0.138 0.158 0.064 0.014 0.021 
402 CAGUSL31    (0)   17 :  0.496 0.016 0.113 0.311 0.032 0.022 0.010 
403 CAGUSL32    (8)   17 :  0.033 0.036 0.052 0.851 0.014 0.006 0.008 
404  CAGUSR1    (0)   18 :  0.726 0.011 0.043 0.031 0.027 0.046 0.116 
405  CAGUSR2    (8)   18 :  0.727 0.028 0.041 0.027 0.036 0.111 0.030 
406  CAGUSR3    (8)   18 :  0.934 0.020 0.011 0.009 0.009 0.011 0.007 
407  CAGUSR4    (8)   18 :  0.717 0.036 0.063 0.060 0.062 0.023 0.038 
408  CAGUSR5    (0)   18 :  0.817 0.012 0.031 0.057 0.053 0.010 0.020 
409  CAGUSR6    (0)   18 :  0.077 0.063 0.211 0.338 0.247 0.044 0.019 
410  CAGUSR7    (0)   18 :  0.707 0.034 0.021 0.093 0.011 0.110 0.025 
411  CAGUSR8    (8)   18 :  0.698 0.077 0.056 0.104 0.053 0.006 0.006 
412  CAGUSR9    (8)   18 :  0.963 0.005 0.006 0.005 0.007 0.010 0.004 
413 CAGUSR10    (8)   18 :  0.922 0.018 0.012 0.011 0.008 0.008 0.020 
414 CAGUSR11    (0)   18 :  0.598 0.038 0.120 0.173 0.014 0.045 0.012 
415 CAGUSR12    (8)   18 :  0.766 0.029 0.101 0.030 0.012 0.005 0.057 
416 CAGUSR13   (16)   18 :  0.817 0.048 0.028 0.047 0.016 0.031 0.014 
417 CAGUSR14    (0)   18 :  0.653 0.055 0.048 0.079 0.082 0.044 0.039 
418 CAGUSR15    (8)   18 :  0.457 0.204 0.125 0.126 0.041 0.020 0.028 
419 CAGUSR16    (8)   18 :  0.194 0.188 0.282 0.133 0.092 0.026 0.085 
420 CAGUSR17    (0)   18 :  0.857 0.014 0.025 0.019 0.043 0.030 0.012 
421 CAGUSR18    (0)   18 :  0.343 0.153 0.148 0.174 0.053 0.016 0.114 
422 CAGUSR19    (8)   18 :  0.657 0.105 0.059 0.099 0.015 0.059 0.006 
423 CAGUSR20    (0)   18 :  0.696 0.015 0.019 0.162 0.012 0.058 0.037 
424 CAGUSR21    (0)   18 :  0.657 0.029 0.022 0.032 0.025 0.187 0.048 
425 CAGUSR22    (0)   18 :  0.855 0.012 0.014 0.018 0.018 0.011 0.071 
426 CAGUSR23    (0)   18 :  0.046 0.084 0.385 0.354 0.066 0.031 0.034 
427 CAGUSR24    (0)   18 :  0.100 0.038 0.239 0.400 0.077 0.111 0.035 
428 CAGUSR25    (8)   18 :  0.435 0.023 0.386 0.030 0.082 0.021 0.024 
429 CAGUSR26    (0)   18 :  0.377 0.286 0.250 0.022 0.010 0.049 0.006 
430 CAGUSR27    (0)   18 :  0.691 0.015 0.190 0.019 0.026 0.052 0.006 
431 CAGUSR28    (0)   18 :  0.926 0.008 0.014 0.013 0.014 0.011 0.015 
432 CAGUSR29    (0)   18 :  0.444 0.059 0.294 0.171 0.011 0.006 0.015 
433 CAGUSR30    (8)   18 :  0.129 0.635 0.041 0.122 0.015 0.007 0.051 
434 CAGUSR31    (0)   18 :  0.705 0.077 0.040 0.032 0.031 0.102 0.013 
435 CAGUSR32    (0)   18 :  0.942 0.015 0.012 0.010 0.007 0.005 0.009 
436 CAGUDCR1    (0)   19 :  0.945 0.010 0.011 0.007 0.009 0.006 0.012 
437 CAGUDCR2    (8)   19 :  0.563 0.137 0.098 0.123 0.040 0.019 0.020 
438 CAGUDCR3    (0)   19 :  0.856 0.021 0.024 0.023 0.033 0.016 0.026 
439 CAGUDCR4    (0)   19 :  0.969 0.005 0.005 0.005 0.006 0.005 0.004 
440 CAGUDCR5    (8)   19 :  0.942 0.007 0.010 0.011 0.012 0.009 0.010 
441 CAGUDCR6    (0)   19 :  0.961 0.011 0.007 0.008 0.005 0.004 0.004 
442 CAGUDCR7    (0)   19 :  0.954 0.017 0.007 0.006 0.007 0.005 0.005 
443 CAGUDCR8    (0)   19 :  0.782 0.041 0.035 0.025 0.025 0.072 0.019 
444 CAGUDCR9   (16)   19 :  0.967 0.009 0.006 0.005 0.005 0.004 0.004 
445 CAGUDCR10    (0)   19 :  0.797 0.005 0.006 0.005 0.006 0.005 0.176 
446 CAGUDCR11    (0)   19 :  0.890 0.013 0.018 0.026 0.024 0.010 0.019 
447 CAGUDCR12    (0)   19 :  0.849 0.104 0.013 0.013 0.008 0.007 0.005 
448 CAGUDCR13    (0)   19 :  0.882 0.049 0.013 0.012 0.014 0.019 0.011 
449 CAGUDCR15    (0)   19 :  0.963 0.007 0.007 0.005 0.007 0.006 0.006 
450 CAGUDCR16    (0)   19 :  0.748 0.178 0.010 0.011 0.010 0.010 0.034 
451 CAGUDCR17    (0)   19 :  0.951 0.008 0.007 0.018 0.005 0.004 0.006 
452 CAGUDCR18    (0)   19 :  0.887 0.033 0.023 0.033 0.012 0.006 0.006 
453 CAGUDCR19    (0)   19 :  0.723 0.009 0.078 0.109 0.038 0.031 0.012 
454 CAGUDCR20    (0)   19 :  0.954 0.010 0.008 0.011 0.006 0.004 0.007 
455 CAGUDCR21    (8)   19 :  0.871 0.047 0.014 0.015 0.023 0.009 0.021 
456 CAGUDCR22   (16)   19 :  0.906 0.011 0.022 0.026 0.017 0.011 0.007 
457 CAGUDCR23    (8)   19 :  0.952 0.011 0.010 0.007 0.008 0.008 0.004 
458 CAGUDCR24    (0)   19 :  0.968 0.006 0.005 0.006 0.006 0.004 0.005 
459 CAGUDCR25    (0)   19 :  0.965 0.008 0.006 0.005 0.005 0.008 0.004 
460 CAGUDCR26    (8)   19 :  0.902 0.007 0.015 0.013 0.020 0.013 0.030 
461 CAGUDCR27    (8)   19 :  0.736 0.012 0.185 0.027 0.022 0.007 0.011 
462 CAGUDCR28    (8)   19 :  0.962 0.007 0.007 0.007 0.007 0.005 0.005 
463 CAGUDCR29    (0)   19 :  0.959 0.005 0.008 0.006 0.007 0.007 0.007 
464 CAGUDCR30    (0)   19 :  0.960 0.016 0.006 0.005 0.005 0.004 0.004 
465 CAGUDCR31    (0)   19 :  0.975 0.005 0.005 0.004 0.004 0.004 0.004 
466 CAGUDCR32   (16)   19 :  0.963 0.010 0.007 0.006 0.005 0.004 0.004 
467 CAGUSCR1    (8)   20 :  0.877 0.039 0.021 0.040 0.014 0.006 0.004 
468 CAGUSCR2    (8)   20 :  0.821 0.115 0.012 0.009 0.015 0.013 0.015 
469 CAGUSCR3    (0)   20 :  0.968 0.006 0.006 0.005 0.006 0.004 0.005 
470 CAGUSCR4    (8)   20 :  0.821 0.014 0.022 0.116 0.013 0.008 0.005 
471 CAGUSCR5    (0)   20 :  0.537 0.088 0.027 0.014 0.009 0.318 0.006 
472 CAGUSCR6    (0)   20 :  0.941 0.009 0.009 0.009 0.007 0.021 0.004 
473 CAGUSCR7    (8)   20 :  0.889 0.046 0.013 0.011 0.008 0.020 0.012 
474 CAGUSCR8   (25)   20 :  0.669 0.263 0.023 0.013 0.012 0.009 0.012 
475 CAGUSCR9    (8)   20 :  0.967 0.008 0.005 0.004 0.004 0.008 0.004 
476 CAGUSCR10    (8)   20 :  0.972 0.007 0.005 0.005 0.004 0.003 0.005 
477 CAGUSCR11   (25)   20 :  0.726 0.131 0.049 0.025 0.028 0.012 0.029 
478 CAGUSCR12    (0)   20 :  0.691 0.117 0.047 0.091 0.037 0.008 0.009 
479 CAGUSCR13    (0)   20 :  0.884 0.051 0.019 0.020 0.012 0.009 0.006 
480 CAGUSCR14    (0)   20 :  0.961 0.013 0.006 0.007 0.004 0.003 0.006 
481 CAGUSCR15    (0)   20 :  0.227 0.545 0.067 0.077 0.057 0.016 0.011 
482 CAGUSCR16    (0)   20 :  0.948 0.008 0.010 0.008 0.008 0.007 0.012 
483 CAGUSCR17    (8)   20 :  0.953 0.014 0.008 0.008 0.005 0.006 0.005 
484 CAGUSCR18    (0)   20 :  0.971 0.007 0.005 0.005 0.004 0.003 0.004 
485 CAGUSCR19   (25)   20 :  0.150 0.753 0.024 0.015 0.012 0.037 0.009 
486 CAGUSCR20   (25)   20 :  0.940 0.013 0.010 0.012 0.008 0.005 0.012 
487 CAGUSCR21    (0)   20 :  0.196 0.526 0.021 0.022 0.016 0.193 0.026 
488 CAGUSCR22   (16)   20 :  0.887 0.017 0.011 0.009 0.010 0.053 0.013 
489 CAGUSCR23    (0)   20 :  0.952 0.011 0.010 0.008 0.009 0.004 0.006 
490 CAGUSCR24    (8)   20 :  0.956 0.008 0.008 0.007 0.007 0.006 0.006 
491 CAGUSCR25   (16)   20 :  0.947 0.016 0.009 0.008 0.006 0.006 0.008 
492 CAGUSCR26    (8)   20 :  0.927 0.016 0.012 0.013 0.009 0.018 0.005 
493 CAGUSCR27    (8)   20 :  0.804 0.026 0.027 0.013 0.019 0.068 0.043 
494 CAGUSCR28    (0)   20 :  0.966 0.006 0.006 0.006 0.005 0.005 0.006 
495 CAGUSCR29    (8)   20 :  0.938 0.011 0.014 0.020 0.007 0.004 0.006 
496 CAGUSCR30   (16)   20 :  0.969 0.007 0.006 0.006 0.004 0.005 0.004 
497  CAGURC2    (8)   21 :  0.582 0.020 0.074 0.095 0.042 0.036 0.150 
498  CAGURC3    (8)   21 :  0.421 0.407 0.098 0.038 0.008 0.010 0.017 
499  CAGURC4    (0)   21 :  0.530 0.086 0.021 0.058 0.014 0.270 0.021 
500  CAGURC6    (0)   21 :  0.192 0.735 0.023 0.014 0.017 0.015 0.006 
501  CAGURC7    (0)   21 :  0.042 0.808 0.012 0.014 0.009 0.012 0.102 
502 CAGURC10    (0)   21 :  0.228 0.506 0.098 0.026 0.031 0.093 0.019 
503 CAGURC11    (0)   21 :  0.009 0.070 0.523 0.223 0.029 0.033 0.112 
504 CAGURC13   (25)   21 :  0.033 0.894 0.014 0.011 0.016 0.024 0.008 
505 CAGURC19    (0)   21 :  0.035 0.603 0.038 0.292 0.013 0.006 0.013 
506 CAGURC20    (8)   21 :  0.546 0.017 0.063 0.228 0.048 0.022 0.076 
