

----------------------------------------------------
STRUCTURE by Pritchard, Stephens and Donnelly (2000)
     and Falush, Stephens and Pritchard (2003)
       Code by Pritchard, Falush and Hubisz
             Version 2.3.4 (Jul 2012)
----------------------------------------------------



Command line arguments:   bin/structure -m "/Users/Calochortus/Desktop/CAGU_Struct_NoBJ/CAGU_NoBJ/100/mainparams" -e "/Users/Calochortus/Desktop/CAGU_Struct_NoBJ/CAGU_NoBJ/100/extraparams" 
Input File:    /Users/Calochortus/Desktop/CAGU_Struct_NoBJ/CAGU_NoBJ/project_data

Run parameters:
   604 individuals
   12 loci
   7 populations assumed
   100000 Burn-in period
   100000 Reps


--------------------------------------------
Proportion of membership of each pre-defined
 population in each of the 7 clusters

Given    Inferred Clusters                                   Number of
 Pop       1      2      3      4      5      6      7      Individuals

  1:     0.015  0.015  0.007  0.015  0.010  0.925  0.013       32
  2:     0.045  0.856  0.012  0.035  0.015  0.025  0.012       31
  3:     0.088  0.704  0.027  0.068  0.018  0.061  0.033       33
  4:     0.072  0.849  0.007  0.027  0.016  0.018  0.011       28
  5:     0.091  0.657  0.023  0.087  0.016  0.110  0.017       24
  6:     0.032  0.740  0.034  0.027  0.037  0.049  0.080       11
  7:     0.597  0.105  0.019  0.140  0.022  0.094  0.023       28
  8:     0.392  0.093  0.015  0.241  0.034  0.207  0.018       20
 10:     0.492  0.031  0.017  0.387  0.023  0.011  0.038       13
 11:     0.395  0.110  0.047  0.342  0.033  0.042  0.030       28
 12:     0.227  0.089  0.014  0.566  0.046  0.026  0.032       30
 13:     0.290  0.111  0.016  0.464  0.048  0.034  0.037       27
 14:     0.411  0.061  0.048  0.359  0.034  0.026  0.061       32
 15:     0.294  0.055  0.021  0.411  0.079  0.018  0.121       32
 16:     0.018  0.022  0.159  0.187  0.117  0.082  0.415        2
 17:     0.135  0.061  0.361  0.218  0.087  0.027  0.110       32
 18:     0.051  0.041  0.592  0.106  0.108  0.032  0.069       32
 19:     0.014  0.011  0.887  0.019  0.034  0.016  0.019       31
 20:     0.011  0.028  0.801  0.017  0.086  0.009  0.047       30
 21:     0.044  0.039  0.145  0.071  0.570  0.065  0.067       13
 22:     0.024  0.032  0.060  0.044  0.732  0.016  0.092       31
 23:     0.026  0.023  0.119  0.055  0.361  0.029  0.387       30
 24:     0.046  0.022  0.023  0.038  0.077  0.026  0.767       34
--------------------------------------------

Allele-freq. divergence among pops (Net nucleotide distance),
computed using point estimates of P.

      1       2       3       4       5       6       7      
 1      -    0.0970  0.2468  0.0273  0.1586  0.1507  0.1129  
 2   0.0970     -    0.3451  0.1108  0.2162  0.1488  0.2069  
 3   0.2468  0.3451     -    0.2021  0.0914  0.3353  0.1455  
 4   0.0273  0.1108  0.2021     -    0.1129  0.1522  0.0893  
 5   0.1586  0.2162  0.0914  0.1129     -    0.2214  0.0629  
 6   0.1507  0.1488  0.3353  0.1522  0.2214     -    0.2100  
 7   0.1129  0.2069  0.1455  0.0893  0.0629  0.2100     -    

Average distances (expected heterozygosity) between individuals in same cluster:
cluster  1  : 0.4944 
cluster  2  : 0.3714 
cluster  3  : 0.4287 
cluster  4  : 0.5443 
cluster  5  : 0.6122 
cluster  6  : 0.3441 
cluster  7  : 0.6276 

--------------------------------------------
Estimated Ln Prob of Data   = -13998.5
Mean value of ln likelihood = -13406.0
Variance of ln likelihood   = 1185.0
Mean value of alpha         = 0.0545

Mean value of Fst_1         = 0.1777
Mean value of Fst_2         = 0.4453
Mean value of Fst_3         = 0.3182
Mean value of Fst_4         = 0.1219
Mean value of Fst_5         = 0.1317
Mean value of Fst_6         = 0.5007
Mean value of Fst_7         = 0.1130


Inferred ancestry of individuals:
        Label (%Miss) Pop:  Inferred clusters
  1 CAGUABR1    (8)    1 :  0.008 0.014 0.006 0.007 0.006 0.952 0.006 
  2 CAGUABR2    (0)    1 :  0.046 0.020 0.012 0.133 0.025 0.757 0.008 
  3 CAGUABR3    (8)    1 :  0.009 0.009 0.005 0.006 0.005 0.962 0.005 
  4 CAGUABR4    (8)    1 :  0.007 0.008 0.004 0.008 0.005 0.963 0.005 
  5 CAGUABR5    (8)    1 :  0.010 0.021 0.009 0.013 0.007 0.932 0.008 
  6 CAGUABR6    (8)    1 :  0.017 0.014 0.006 0.014 0.007 0.936 0.007 
  7 CAGUABR7    (0)    1 :  0.005 0.008 0.003 0.005 0.003 0.973 0.003 
  8 CAGUABR8    (0)    1 :  0.014 0.007 0.007 0.016 0.009 0.939 0.009 
  9 CAGUABR9    (0)    1 :  0.006 0.008 0.009 0.009 0.005 0.958 0.005 
 10 CAGUABR10    (0)    1 :  0.018 0.025 0.005 0.018 0.008 0.918 0.008 
 11 CAGUABR11    (8)    1 :  0.009 0.016 0.005 0.009 0.006 0.950 0.005 
 12 CAGUABR12    (8)    1 :  0.054 0.059 0.016 0.018 0.027 0.781 0.045 
 13 CAGUABR13    (0)    1 :  0.010 0.018 0.005 0.007 0.004 0.953 0.004 
 14 CAGUABR14    (8)    1 :  0.014 0.033 0.013 0.014 0.008 0.907 0.012 
 15 CAGUABR15    (8)    1 :  0.007 0.007 0.006 0.005 0.005 0.965 0.005 
 16 CAGUABR16   (16)    1 :  0.010 0.010 0.007 0.011 0.053 0.768 0.141 
 17 CAGUABR17    (0)    1 :  0.011 0.027 0.008 0.017 0.009 0.922 0.005 
 18 CAGUABR18    (8)    1 :  0.008 0.031 0.005 0.008 0.005 0.938 0.006 
 19 CAGUABR19    (8)    1 :  0.017 0.007 0.004 0.007 0.005 0.955 0.005 
 20 CAGUABR20    (0)    1 :  0.005 0.007 0.005 0.006 0.004 0.968 0.005 
 21 CAGUABR21    (0)    1 :  0.021 0.026 0.006 0.009 0.006 0.928 0.006 
 22 CAGUABR22    (8)    1 :  0.007 0.009 0.005 0.007 0.007 0.960 0.006 
 23 CAGUABR23    (8)    1 :  0.007 0.012 0.014 0.009 0.010 0.933 0.015 
 24 CAGUABR24    (8)    1 :  0.021 0.013 0.009 0.054 0.031 0.865 0.007 
 25 CAGUABR25    (8)    1 :  0.005 0.007 0.003 0.005 0.004 0.972 0.004 
 26 CAGUABR26    (8)    1 :  0.006 0.006 0.004 0.006 0.005 0.968 0.005 
 27 CAGUABR27    (8)    1 :  0.045 0.012 0.005 0.016 0.032 0.884 0.006 
 28 CAGUABR28    (0)    1 :  0.005 0.008 0.003 0.005 0.003 0.972 0.003 
 29 CAGUABR29    (0)    1 :  0.006 0.008 0.004 0.006 0.005 0.965 0.005 
 30 CAGUABR30    (8)    1 :  0.053 0.010 0.005 0.014 0.006 0.904 0.008 
 31 CAGUABR31    (0)    1 :  0.005 0.006 0.004 0.006 0.005 0.969 0.004 
 32 CAGUABR32    (8)    1 :  0.017 0.007 0.009 0.014 0.011 0.897 0.045 
 33  CAGUAD1    (0)    2 :  0.026 0.825 0.019 0.019 0.021 0.059 0.030 
 34  CAGUAD2    (0)    2 :  0.257 0.611 0.007 0.077 0.008 0.028 0.012 
 35  CAGUAD3    (0)    2 :  0.099 0.725 0.011 0.116 0.008 0.024 0.018 
 36  CAGUAD4   (25)    2 :  0.012 0.893 0.004 0.009 0.007 0.071 0.005 
 37  CAGUAD5    (8)    2 :  0.015 0.890 0.004 0.015 0.014 0.053 0.009 
 38  CAGUAD6    (0)    2 :  0.029 0.934 0.004 0.012 0.006 0.010 0.005 
 39  CAGUAD7    (0)    2 :  0.008 0.968 0.003 0.006 0.004 0.007 0.004 
 40  CAGUAD8    (8)    2 :  0.011 0.958 0.004 0.007 0.005 0.012 0.004 
 41  CAGUAD9    (0)    2 :  0.011 0.941 0.008 0.013 0.008 0.011 0.008 
 42 CAGUAD10   (25)    2 :  0.034 0.910 0.006 0.019 0.006 0.018 0.006 
 43 CAGUAD11    (0)    2 :  0.013 0.951 0.005 0.011 0.007 0.008 0.006 
 44 CAGUAD12    (0)    2 :  0.034 0.760 0.009 0.019 0.007 0.160 0.011 
 45 CAGUAD13    (0)    2 :  0.011 0.870 0.006 0.011 0.011 0.083 0.009 
 46 CAGUAD14    (0)    2 :  0.016 0.947 0.004 0.008 0.005 0.013 0.006 
 47 CAGUAD15    (0)    2 :  0.012 0.956 0.005 0.009 0.005 0.007 0.006 
 48 CAGUAD16    (0)    2 :  0.007 0.970 0.003 0.005 0.004 0.007 0.003 
 49 CAGUAD17    (0)    2 :  0.032 0.923 0.006 0.016 0.006 0.005 0.010 
 50 CAGUAD18    (0)    2 :  0.049 0.632 0.015 0.228 0.037 0.018 0.022 
 51 CAGUAD19    (0)    2 :  0.068 0.710 0.005 0.155 0.020 0.031 0.012 
 52 CAGUAD20    (0)    2 :  0.081 0.852 0.005 0.024 0.006 0.025 0.006 
 53 CAGUAD21    (0)    2 :  0.019 0.836 0.030 0.035 0.051 0.015 0.014 
 54 CAGUAD22    (0)    2 :  0.010 0.944 0.008 0.008 0.011 0.010 0.010 
 55 CAGUAD23    (0)    2 :  0.011 0.952 0.007 0.009 0.007 0.010 0.005 
 56 CAGUAD24    (0)    2 :  0.009 0.886 0.059 0.010 0.018 0.007 0.012 
 57 CAGUAD25    (0)    2 :  0.081 0.722 0.006 0.112 0.016 0.010 0.054 
 58 CAGUAD26   (16)    2 :  0.012 0.954 0.005 0.009 0.006 0.008 0.006 
 59 CAGUAD27    (0)    2 :  0.024 0.759 0.070 0.036 0.096 0.007 0.008 
 60 CAGUAD28    (0)    2 :  0.044 0.873 0.006 0.010 0.009 0.029 0.030 
 61 CAGUAD29    (0)    2 :  0.251 0.634 0.040 0.037 0.021 0.005 0.012 
 62 CAGUAD30    (0)    2 :  0.087 0.831 0.009 0.025 0.014 0.020 0.014 
 63 CAGUAD32    (0)    2 :  0.025 0.915 0.005 0.026 0.015 0.006 0.008 
 64  CAGUBH1    (0)    3 :  0.043 0.864 0.018 0.037 0.012 0.014 0.012 
 65  CAGUBH2    (0)    3 :  0.011 0.961 0.004 0.007 0.005 0.007 0.005 
 66  CAGUBH3   (25)    3 :  0.055 0.859 0.012 0.030 0.012 0.018 0.014 
 67  CAGUBH4    (0)    3 :  0.008 0.926 0.008 0.007 0.009 0.036 0.007 
 68  CAGUBH5    (0)    3 :  0.031 0.932 0.006 0.011 0.005 0.009 0.007 
 69  CAGUBH6    (0)    3 :  0.008 0.958 0.005 0.006 0.005 0.013 0.005 
 70  CAGUBH7    (0)    3 :  0.021 0.888 0.014 0.019 0.021 0.016 0.020 
 71  CAGUBH8   (25)    3 :  0.021 0.868 0.019 0.035 0.018 0.008 0.032 
 72  CAGUBH9    (8)    3 :  0.024 0.939 0.006 0.010 0.006 0.009 0.007 
 73 CAGUBH10    (0)    3 :  0.021 0.887 0.014 0.019 0.023 0.017 0.019 
 74 CAGUBH11    (8)    3 :  0.011 0.903 0.022 0.021 0.018 0.011 0.014 
 75 CAGUBH12   (25)    3 :  0.016 0.929 0.012 0.010 0.010 0.011 0.013 
 76 CAGUBH13   (33)    3 :  0.038 0.654 0.009 0.066 0.023 0.194 0.016 
 77 CAGUBH14   (16)    3 :  0.025 0.068 0.017 0.851 0.013 0.012 0.014 
 78 CAGUBH15    (0)    3 :  0.038 0.931 0.005 0.009 0.005 0.005 0.007 
 79 CAGUBH16    (0)    3 :  0.119 0.825 0.004 0.024 0.007 0.015 0.007 
 80 CAGUBH18    (8)    3 :  0.080 0.517 0.094 0.013 0.042 0.199 0.056 
 81 CAGUBH19    (8)    3 :  0.068 0.849 0.035 0.015 0.007 0.008 0.018 
 82 CAGUBH20    (8)    3 :  0.631 0.232 0.019 0.040 0.027 0.016 0.035 
 83 CAGUBH21    (8)    3 :  0.015 0.598 0.024 0.011 0.007 0.337 0.008 
 84 CAGUBH22    (0)    3 :  0.062 0.343 0.007 0.209 0.034 0.268 0.077 
 85 CAGUBH23    (0)    3 :  0.063 0.863 0.006 0.034 0.008 0.008 0.019 
 86 CAGUBH25   (25)    3 :  0.028 0.726 0.058 0.029 0.099 0.012 0.048 
 87 CAGUBH26    (0)    3 :  0.118 0.406 0.091 0.250 0.064 0.049 0.022 
 88 CAGUBH27    (0)    3 :  0.013 0.942 0.011 0.009 0.006 0.010 0.009 
 89 CAGUBH28   (25)    3 :  0.667 0.026 0.184 0.079 0.010 0.012 0.021 
 90 CAGUBH29    (0)    3 :  0.066 0.463 0.026 0.016 0.018 0.006 0.405 
 91 CAGUBH30    (0)    3 :  0.178 0.724 0.010 0.054 0.011 0.014 0.009 
 92 CAGUBH31    (0)    3 :  0.008 0.950 0.006 0.011 0.008 0.009 0.009 
 93 CAGUBH32    (0)    3 :  0.167 0.701 0.016 0.014 0.024 0.050 0.027 
 94 CAGUBH34    (0)    3 :  0.084 0.750 0.035 0.083 0.028 0.007 0.013 
 95 CAGUBH36   (33)    3 :  0.044 0.145 0.021 0.169 0.012 0.595 0.012 
 96 CAGUBH37    (8)    3 :  0.127 0.620 0.083 0.030 0.013 0.012 0.116 
 97 CAGUMSR1    (0)    4 :  0.016 0.946 0.007 0.012 0.007 0.007 0.006 
 98 CAGUMSR2    (0)    4 :  0.018 0.883 0.005 0.065 0.011 0.010 0.009 
 99 CAGUMSR3    (0)    4 :  0.014 0.947 0.004 0.020 0.005 0.005 0.006 
100 CAGUMSR4    (0)    4 :  0.012 0.959 0.004 0.008 0.005 0.010 0.004 
101 CAGUMSR5    (0)    4 :  0.010 0.954 0.009 0.007 0.005 0.009 0.007 
102 CAGUMSR6    (0)    4 :  0.037 0.910 0.004 0.018 0.005 0.020 0.006 
103 CAGUMSR7    (0)    4 :  0.013 0.911 0.008 0.030 0.025 0.007 0.006 
104 CAGUMSR8    (0)    4 :  0.013 0.961 0.003 0.008 0.004 0.006 0.004 
105 CAGUMSR9    (0)    4 :  0.033 0.874 0.011 0.049 0.013 0.013 0.007 
106 CAGUMSR10    (0)    4 :  0.011 0.954 0.008 0.009 0.007 0.007 0.005 
107 CAGUMSR11    (0)    4 :  0.040 0.896 0.011 0.028 0.009 0.008 0.009 
108 CAGUMSR12    (0)    4 :  0.009 0.943 0.004 0.010 0.006 0.022 0.005 
109 CAGUMSR13    (0)    4 :  0.010 0.950 0.004 0.008 0.004 0.020 0.004 
110 CAGUMSR14    (8)    4 :  0.013 0.672 0.020 0.050 0.225 0.007 0.013 
111 CAGUMSR15    (0)    4 :  0.007 0.950 0.004 0.007 0.005 0.023 0.004 
112 CAGUMSR16    (0)    4 :  0.111 0.759 0.005 0.018 0.013 0.075 0.019 
113 CAGUMSR18    (0)    4 :  0.017 0.866 0.013 0.027 0.006 0.064 0.007 
114 CAGUMSR19    (0)    4 :  0.011 0.937 0.006 0.010 0.006 0.022 0.007 
115 CAGUMSR20    (0)    4 :  0.011 0.958 0.003 0.012 0.004 0.008 0.004 
116 CAGUMSR21    (0)    4 :  0.033 0.892 0.009 0.025 0.008 0.015 0.018 
117 CAGUMSR22    (0)    4 :  0.013 0.956 0.004 0.010 0.005 0.007 0.005 
118 CAGUMSR23    (0)    4 :  0.010 0.952 0.004 0.009 0.006 0.015 0.005 
119 CAGUMSR24    (0)    4 :  0.009 0.967 0.003 0.007 0.004 0.007 0.004 
120 CAGUMSR25    (8)    4 :  0.015 0.891 0.006 0.012 0.008 0.063 0.005 
121 CAGUMSR26    (0)    4 :  0.506 0.344 0.007 0.090 0.023 0.011 0.019 
122 CAGUMSR28    (0)    4 :  0.018 0.897 0.005 0.060 0.007 0.007 0.007 
123 CAGUMSR29   (16)    4 :  0.490 0.428 0.008 0.026 0.013 0.025 0.010 
124 CAGUMSR30    (0)    4 :  0.526 0.217 0.012 0.127 0.015 0.005 0.098 
125 CAGURAT6    (0)    5 :  0.010 0.758 0.019 0.011 0.021 0.171 0.010 
126 CAGURAT8   (16)    5 :  0.216 0.670 0.009 0.035 0.020 0.035 0.015 
127 CAGURAT10    (8)    5 :  0.024 0.937 0.004 0.011 0.005 0.014 0.005 
128 CAGURAT11    (0)    5 :  0.135 0.705 0.028 0.027 0.023 0.049 0.034 
129 CAGURAT12   (25)    5 :  0.164 0.319 0.086 0.056 0.010 0.331 0.034 
130 CAGURAT14   (25)    5 :  0.079 0.086 0.013 0.682 0.060 0.039 0.042 
131 CAGURAT15   (25)    5 :  0.022 0.840 0.041 0.024 0.008 0.052 0.014 
132 CAGURAT16   (16)    5 :  0.049 0.812 0.013 0.024 0.025 0.052 0.025 
133 CAGURAT17    (0)    5 :  0.097 0.463 0.015 0.013 0.012 0.389 0.010 
134 CAGURAT18   (41)    5 :  0.088 0.047 0.009 0.775 0.011 0.061 0.010 
135 CAGURAT19    (8)    5 :  0.019 0.905 0.019 0.014 0.014 0.008 0.021 
136 CAGURAT20   (16)    5 :  0.022 0.650 0.034 0.010 0.027 0.247 0.009 
137 CAGURAT21    (8)    5 :  0.008 0.893 0.052 0.013 0.015 0.005 0.014 
138 CAGURAT22    (8)    5 :  0.044 0.872 0.006 0.045 0.006 0.017 0.009 
139 CAGURAT23    (0)    5 :  0.029 0.917 0.005 0.017 0.006 0.020 0.008 
140 CAGURAT25    (0)    5 :  0.049 0.900 0.004 0.020 0.006 0.013 0.007 
141 CAGURAT29    (0)    5 :  0.677 0.251 0.005 0.029 0.010 0.013 0.014 
142 CAGURAT30    (0)    5 :  0.008 0.298 0.019 0.007 0.028 0.627 0.014 
143 CAGURAT31    (0)    5 :  0.118 0.839 0.006 0.016 0.007 0.006 0.009 
144 CAGURAT32    (8)    5 :  0.050 0.475 0.011 0.056 0.023 0.370 0.015 
145 CAGURAT33   (25)    5 :  0.012 0.934 0.006 0.015 0.011 0.016 0.007 
146 CAGURAT34    (0)    5 :  0.025 0.933 0.007 0.017 0.005 0.008 0.005 
147 CAGURAT35    (0)    5 :  0.164 0.663 0.118 0.022 0.010 0.008 0.016 
148 CAGURAT36    (0)    5 :  0.066 0.610 0.015 0.149 0.013 0.078 0.068 
149  CAGUWP1    (8)    6 :  0.012 0.936 0.010 0.015 0.009 0.010 0.007 
150  CAGUWP7    (8)    6 :  0.035 0.842 0.008 0.024 0.013 0.068 0.011 
151  CAGUWP9   (33)    6 :  0.009 0.944 0.013 0.007 0.008 0.010 0.009 
152 CAGUWP11   (16)    6 :  0.069 0.866 0.009 0.030 0.007 0.013 0.007 
153 CAGUWP14   (16)    6 :  0.011 0.754 0.011 0.017 0.014 0.020 0.174 
154 CAGUWP17   (16)    6 :  0.109 0.439 0.152 0.115 0.047 0.016 0.122 
155 CAGUWP18   (16)    6 :  0.052 0.853 0.028 0.022 0.015 0.022 0.008 
156 CAGUWP19    (8)    6 :  0.014 0.224 0.021 0.014 0.078 0.232 0.417 
157 CAGUWP20    (8)    6 :  0.008 0.956 0.009 0.008 0.007 0.006 0.005 
158 CAGUWP21   (16)    6 :  0.023 0.603 0.025 0.040 0.173 0.038 0.098 
159 CAGUWP22    (8)    6 :  0.015 0.724 0.093 0.011 0.035 0.106 0.016 
160  CAGUSD1   (25)    7 :  0.842 0.021 0.015 0.029 0.007 0.078 0.007 
161  CAGUSD3   (33)    7 :  0.242 0.035 0.060 0.286 0.052 0.251 0.075 
162  CAGUSD4    (0)    7 :  0.587 0.079 0.013 0.038 0.012 0.257 0.014 
163  CAGUSD5   (25)    7 :  0.895 0.019 0.008 0.048 0.009 0.012 0.009 
164  CAGUSD7    (8)    7 :  0.582 0.330 0.019 0.036 0.009 0.013 0.011 
165  CAGUSD8    (8)    7 :  0.570 0.080 0.010 0.292 0.011 0.029 0.008 
166  CAGUSD9    (8)    7 :  0.892 0.012 0.013 0.042 0.009 0.010 0.022 
167 CAGUSD11   (16)    7 :  0.301 0.327 0.013 0.030 0.026 0.200 0.104 
168 CAGUSD12   (16)    7 :  0.206 0.040 0.015 0.661 0.017 0.036 0.025 
169 CAGUSD14    (0)    7 :  0.916 0.028 0.005 0.019 0.006 0.012 0.014 
170 CAGUSD15    (8)    7 :  0.907 0.014 0.019 0.032 0.007 0.015 0.007 
171 CAGUSD16    (8)    7 :  0.211 0.050 0.026 0.126 0.011 0.568 0.008 
172 CAGUSD17   (16)    7 :  0.138 0.117 0.019 0.617 0.059 0.028 0.022 
173 CAGUSD18   (16)    7 :  0.314 0.421 0.014 0.095 0.038 0.024 0.095 
174 CAGUSD19    (0)    7 :  0.851 0.016 0.005 0.079 0.019 0.023 0.007 
175 CAGUSD20    (0)    7 :  0.782 0.015 0.079 0.015 0.015 0.055 0.039 
176 CAGUSD21    (0)    7 :  0.454 0.479 0.006 0.026 0.005 0.025 0.006 
177 CAGUSD22    (0)    7 :  0.300 0.118 0.010 0.542 0.006 0.017 0.006 
178 CAGUSD23   (16)    7 :  0.675 0.053 0.016 0.023 0.176 0.007 0.050 
179 CAGUSD25    (8)    7 :  0.171 0.068 0.088 0.030 0.018 0.594 0.031 
180 CAGUSD27    (0)    7 :  0.923 0.034 0.005 0.010 0.004 0.019 0.005 
181 CAGUSD28   (16)    7 :  0.431 0.113 0.012 0.403 0.012 0.017 0.011 
182 CAGUSD29    (8)    7 :  0.900 0.015 0.012 0.033 0.007 0.021 0.012 
183 CAGUSD30    (0)    7 :  0.719 0.045 0.026 0.023 0.012 0.157 0.018 
184 CAGUSD32    (0)    7 :  0.855 0.068 0.009 0.023 0.019 0.012 0.014 
185 CAGUSD33   (16)    7 :  0.938 0.017 0.007 0.016 0.006 0.010 0.007 
186 CAGUSD34    (8)    7 :  0.395 0.320 0.005 0.161 0.006 0.105 0.007 
187 CAGUSD35    (0)    7 :  0.715 0.007 0.014 0.178 0.046 0.025 0.015 
188 CAGURGR1   (16)    8 :  0.631 0.022 0.009 0.026 0.007 0.298 0.006 
189 CAGURGR4    (0)    8 :  0.159 0.503 0.028 0.100 0.039 0.154 0.017 
190 CAGURGR5    (0)    8 :  0.057 0.209 0.004 0.661 0.006 0.056 0.007 
191 CAGURGR6    (8)    8 :  0.163 0.023 0.017 0.425 0.017 0.342 0.013 
192 CAGURGR7    (0)    8 :  0.854 0.009 0.007 0.042 0.028 0.014 0.047 
193 CAGURGR8    (8)    8 :  0.019 0.033 0.005 0.897 0.007 0.032 0.007 
194 CAGURGR9   (16)    8 :  0.544 0.047 0.011 0.314 0.013 0.060 0.011 
195 CAGURGR10    (0)    8 :  0.898 0.008 0.006 0.016 0.026 0.006 0.040 
196 CAGURGR11    (0)    8 :  0.516 0.104 0.005 0.043 0.005 0.320 0.008 
197 CAGURGR12    (0)    8 :  0.013 0.008 0.016 0.048 0.228 0.646 0.041 
198 CAGURGR13    (0)    8 :  0.529 0.046 0.007 0.396 0.007 0.009 0.006 
199 CAGURGR14    (0)    8 :  0.621 0.013 0.012 0.021 0.011 0.306 0.015 
200 CAGURGR15   (25)    8 :  0.930 0.020 0.007 0.022 0.006 0.011 0.005 
201 CAGURGR16   (16)    8 :  0.128 0.202 0.006 0.557 0.012 0.080 0.014 
202 CAGURGR17    (8)    8 :  0.051 0.114 0.016 0.044 0.012 0.756 0.007 
203 CAGURGR19    (0)    8 :  0.801 0.008 0.009 0.136 0.015 0.017 0.014 
204 CAGURGR21    (8)    8 :  0.216 0.323 0.067 0.350 0.022 0.013 0.009 
205 CAGURGR22    (0)    8 :  0.050 0.013 0.044 0.028 0.028 0.820 0.017 
206 CAGURGR23   (16)    8 :  0.613 0.123 0.006 0.017 0.178 0.008 0.056 
207 CAGURGR24    (8)    8 :  0.048 0.042 0.011 0.669 0.017 0.196 0.016 
208  CAGUCM1    (0)   10 :  0.655 0.023 0.050 0.221 0.027 0.010 0.014 
209  CAGUCM2    (0)   10 :  0.803 0.012 0.012 0.128 0.008 0.006 0.031 
210  CAGUCM3    (0)   10 :  0.107 0.019 0.012 0.782 0.011 0.032 0.037 
211  CAGUCM4    (0)   10 :  0.013 0.005 0.007 0.902 0.037 0.004 0.033 
212  CAGUCM5   (33)   10 :  0.761 0.105 0.016 0.074 0.010 0.009 0.024 
213  CAGUCM6    (0)   10 :  0.074 0.018 0.035 0.734 0.023 0.010 0.107 
214  CAGUCM7    (0)   10 :  0.893 0.020 0.005 0.061 0.005 0.007 0.009 
215  CAGUCM8    (0)   10 :  0.750 0.088 0.011 0.038 0.035 0.013 0.066 
216  CAGUCM9    (0)   10 :  0.483 0.052 0.007 0.438 0.006 0.008 0.008 
217 CAGUCM10    (0)   10 :  0.618 0.008 0.006 0.274 0.006 0.018 0.069 
218 CAGUCM11    (0)   10 :  0.315 0.026 0.019 0.577 0.023 0.014 0.027 
219 CAGUCM12    (8)   10 :  0.574 0.011 0.036 0.302 0.050 0.009 0.018 
220 CAGUCM13    (0)   10 :  0.357 0.011 0.009 0.507 0.056 0.007 0.054 
221 CAGULPR1    (0)   11 :  0.277 0.600 0.013 0.060 0.016 0.016 0.017 
222 CAGULPR2    (0)   11 :  0.039 0.025 0.139 0.655 0.078 0.046 0.019 
223 CAGULPR3    (0)   11 :  0.959 0.006 0.004 0.014 0.005 0.005 0.007 
224 CAGULPR4    (0)   11 :  0.799 0.066 0.021 0.082 0.008 0.009 0.014 
225 CAGULPR5    (0)   11 :  0.091 0.022 0.007 0.857 0.009 0.006 0.009 
226 CAGULPR6    (0)   11 :  0.077 0.054 0.170 0.619 0.046 0.017 0.016 
227 CAGULPR7    (0)   11 :  0.074 0.012 0.039 0.823 0.025 0.005 0.022 
228 CAGULPR8    (0)   11 :  0.937 0.014 0.005 0.021 0.006 0.008 0.009 
229 CAGULPR9    (0)   11 :  0.105 0.019 0.007 0.839 0.007 0.006 0.017 
230 CAGULPR10    (0)   11 :  0.146 0.190 0.006 0.120 0.007 0.520 0.011 
231 CAGULPR11    (0)   11 :  0.397 0.128 0.004 0.339 0.008 0.112 0.012 
232 CAGULPR12    (0)   11 :  0.231 0.569 0.004 0.111 0.041 0.010 0.035 
233 CAGULPR13    (0)   11 :  0.580 0.259 0.028 0.018 0.025 0.041 0.048 
234 CAGULPR14    (0)   11 :  0.503 0.054 0.006 0.388 0.005 0.037 0.008 
235 CAGULPR15    (0)   11 :  0.019 0.019 0.007 0.926 0.007 0.008 0.014 
236 CAGULPR16    (0)   11 :  0.233 0.154 0.130 0.143 0.063 0.231 0.047 
237 CAGULPR17    (0)   11 :  0.071 0.033 0.244 0.141 0.230 0.005 0.276 
238 CAGULPR18    (0)   11 :  0.730 0.132 0.008 0.107 0.007 0.006 0.011 
239 CAGULPR19    (0)   11 :  0.688 0.039 0.012 0.226 0.016 0.006 0.012 
240 CAGULPR20    (0)   11 :  0.587 0.281 0.008 0.044 0.021 0.017 0.042 
241 CAGULPR21    (0)   11 :  0.358 0.184 0.264 0.058 0.082 0.016 0.038 
242 CAGULPR22    (0)   11 :  0.048 0.008 0.021 0.885 0.018 0.005 0.015 
243 CAGULPR23    (0)   11 :  0.771 0.019 0.049 0.098 0.019 0.021 0.023 
244 CAGULPR24    (0)   11 :  0.336 0.103 0.013 0.460 0.014 0.009 0.064 
245 CAGULPR25    (0)   11 :  0.940 0.022 0.004 0.017 0.004 0.008 0.005 
246 CAGULPR26    (0)   11 :  0.013 0.005 0.079 0.760 0.118 0.005 0.020 
247 CAGULPR28    (0)   11 :  0.844 0.038 0.005 0.092 0.005 0.006 0.011 
248 CAGULPR29    (8)   11 :  0.211 0.031 0.018 0.685 0.023 0.008 0.024 
249  CAGUPB1    (0)   12 :  0.353 0.427 0.038 0.118 0.033 0.020 0.010 
250  CAGUPB2    (0)   12 :  0.083 0.009 0.008 0.869 0.008 0.007 0.015 
251  CAGUPB3    (0)   12 :  0.037 0.011 0.006 0.790 0.032 0.119 0.006 
252  CAGUPB4    (0)   12 :  0.034 0.011 0.010 0.911 0.016 0.008 0.011 
253  CAGUPB5    (0)   12 :  0.193 0.109 0.012 0.605 0.014 0.027 0.040 
254  CAGUPB6    (0)   12 :  0.128 0.709 0.008 0.090 0.009 0.044 0.011 
255  CAGUPB7    (0)   12 :  0.062 0.021 0.010 0.858 0.009 0.026 0.013 
256  CAGUPB8    (0)   12 :  0.322 0.045 0.007 0.548 0.006 0.060 0.011 
257  CAGUPB9    (0)   12 :  0.691 0.066 0.009 0.089 0.049 0.014 0.082 
258 CAGUPB10    (0)   12 :  0.276 0.009 0.024 0.626 0.022 0.016 0.027 
259 CAGUPB11    (8)   12 :  0.029 0.010 0.006 0.930 0.009 0.009 0.007 
260 CAGUPB12    (0)   12 :  0.056 0.505 0.055 0.219 0.131 0.009 0.024 
261 CAGUPB13    (0)   12 :  0.009 0.019 0.020 0.698 0.194 0.038 0.021 
262 CAGUPB14    (0)   12 :  0.137 0.297 0.005 0.162 0.308 0.026 0.065 
263 CAGUPB15    (0)   12 :  0.130 0.010 0.007 0.818 0.011 0.008 0.017 
264 CAGUPB16    (0)   12 :  0.122 0.007 0.009 0.840 0.006 0.008 0.008 
265 CAGUPB18    (0)   12 :  0.194 0.014 0.011 0.626 0.016 0.133 0.007 
266 CAGUPB19    (0)   12 :  0.674 0.011 0.008 0.251 0.015 0.014 0.028 
267 CAGUPB20    (0)   12 :  0.714 0.055 0.021 0.103 0.028 0.037 0.042 
268 CAGUPB22    (0)   12 :  0.113 0.018 0.017 0.803 0.011 0.010 0.027 
269 CAGUPB23   (16)   12 :  0.081 0.012 0.010 0.845 0.028 0.008 0.017 
270 CAGUPB24    (0)   12 :  0.079 0.111 0.029 0.608 0.054 0.018 0.102 
271 CAGUPB25    (0)   12 :  0.038 0.008 0.023 0.890 0.020 0.007 0.014 
272 CAGUPB26    (0)   12 :  0.017 0.046 0.012 0.554 0.076 0.009 0.286 
273 CAGUPB27    (0)   12 :  0.315 0.018 0.010 0.621 0.013 0.010 0.013 
274 CAGUPB28    (8)   12 :  0.059 0.021 0.010 0.882 0.009 0.012 0.007 
275 CAGUPB29    (0)   12 :  0.911 0.021 0.004 0.019 0.007 0.027 0.011 
276 CAGUPB30    (0)   12 :  0.686 0.023 0.005 0.247 0.012 0.019 0.008 
277 CAGUPB31    (0)   12 :  0.145 0.039 0.028 0.534 0.224 0.016 0.015 
278 CAGUPB32    (0)   12 :  0.116 0.016 0.011 0.810 0.016 0.017 0.014 
279  CAGUMB1    (0)   13 :  0.198 0.248 0.083 0.335 0.050 0.037 0.048 
280  CAGUMB2    (0)   13 :  0.436 0.278 0.034 0.128 0.036 0.058 0.030 
281  CAGUMB3    (0)   13 :  0.349 0.023 0.029 0.513 0.042 0.019 0.026 
282  CAGUMB4    (0)   13 :  0.158 0.012 0.011 0.768 0.022 0.008 0.020 
283  CAGUMB6    (0)   13 :  0.431 0.050 0.020 0.437 0.011 0.039 0.011 
284  CAGUMB8    (0)   13 :  0.536 0.014 0.007 0.103 0.009 0.318 0.013 
285  CAGUMB9    (0)   13 :  0.057 0.025 0.007 0.881 0.007 0.016 0.007 
286 CAGUMB10    (0)   13 :  0.108 0.267 0.011 0.478 0.055 0.009 0.071 
287 CAGUMB11    (0)   13 :  0.134 0.459 0.012 0.328 0.024 0.024 0.020 
288 CAGUMB12    (0)   13 :  0.089 0.274 0.017 0.522 0.009 0.079 0.009 
289 CAGUMB14    (0)   13 :  0.019 0.016 0.007 0.657 0.272 0.012 0.017 
290 CAGUMB15    (0)   13 :  0.738 0.036 0.016 0.181 0.010 0.009 0.010 
291 CAGUMB16    (0)   13 :  0.548 0.014 0.008 0.294 0.063 0.034 0.039 
292 CAGUMB17    (0)   13 :  0.349 0.031 0.042 0.469 0.039 0.044 0.025 
293 CAGUMB18    (0)   13 :  0.092 0.015 0.011 0.851 0.017 0.008 0.006 
294 CAGUMB19    (0)   13 :  0.809 0.018 0.006 0.113 0.034 0.010 0.009 
295 CAGUMB20    (0)   13 :  0.015 0.015 0.005 0.897 0.010 0.009 0.048 
296 CAGUMB21    (0)   13 :  0.844 0.070 0.006 0.055 0.010 0.006 0.008 
297 CAGUMB22    (0)   13 :  0.036 0.010 0.004 0.916 0.017 0.008 0.009 
298 CAGUMB24    (0)   13 :  0.025 0.336 0.004 0.401 0.075 0.009 0.152 
299 CAGUMB25    (0)   13 :  0.129 0.177 0.027 0.068 0.244 0.017 0.337 
300 CAGUMB26    (0)   13 :  0.481 0.303 0.018 0.166 0.009 0.015 0.008 
301 CAGUMB27    (8)   13 :  0.278 0.161 0.020 0.506 0.013 0.010 0.012 
302 CAGUMB28    (0)   13 :  0.877 0.068 0.005 0.025 0.006 0.010 0.008 
303 CAGUMB29    (0)   13 :  0.027 0.045 0.007 0.794 0.017 0.098 0.013 
304 CAGUMB30    (0)   13 :  0.017 0.013 0.017 0.744 0.174 0.006 0.028 
305 CAGUMB31    (0)   13 :  0.052 0.009 0.006 0.885 0.012 0.020 0.016 
306  CAGUFP1    (8)   14 :  0.666 0.008 0.170 0.082 0.021 0.005 0.047 
307  CAGUFP2    (8)   14 :  0.858 0.018 0.009 0.072 0.009 0.006 0.027 
308  CAGUFP3   (25)   14 :  0.850 0.048 0.010 0.058 0.009 0.009 0.016 
309  CAGUFP4    (8)   14 :  0.505 0.034 0.074 0.169 0.069 0.022 0.127 
310  CAGUFP5    (8)   14 :  0.930 0.012 0.010 0.020 0.008 0.010 0.010 
311  CAGUFP6    (0)   14 :  0.881 0.016 0.016 0.038 0.019 0.011 0.020 
312  CAGUFP7    (0)   14 :  0.308 0.185 0.031 0.229 0.138 0.067 0.041 
313  CAGUFP8   (16)   14 :  0.010 0.010 0.332 0.588 0.033 0.009 0.018 
314  CAGUFP9   (16)   14 :  0.010 0.012 0.078 0.845 0.018 0.008 0.029 
315 CAGUFP10    (0)   14 :  0.020 0.014 0.041 0.799 0.066 0.011 0.049 
316 CAGUFP11    (0)   14 :  0.040 0.018 0.037 0.864 0.011 0.021 0.009 
317 CAGUFP12    (0)   14 :  0.072 0.064 0.021 0.694 0.091 0.025 0.032 
318 CAGUFP14    (0)   14 :  0.290 0.023 0.073 0.560 0.016 0.009 0.030 
319 CAGUFP15    (0)   14 :  0.860 0.024 0.004 0.069 0.006 0.010 0.026 
320 CAGUFP16    (0)   14 :  0.156 0.037 0.055 0.077 0.130 0.026 0.518 
321 CAGUFP17    (0)   14 :  0.079 0.044 0.032 0.776 0.014 0.047 0.008 
322 CAGUFP18    (0)   14 :  0.156 0.116 0.104 0.536 0.050 0.017 0.022 
323 CAGUFP19    (0)   14 :  0.198 0.194 0.133 0.379 0.037 0.022 0.037 
324 CAGUFP20   (25)   14 :  0.696 0.024 0.007 0.241 0.007 0.014 0.010 
325 CAGUFP21    (0)   14 :  0.087 0.012 0.005 0.846 0.008 0.010 0.032 
326 CAGUFP22    (8)   14 :  0.224 0.320 0.101 0.228 0.062 0.016 0.049 
327 CAGUFP23    (0)   14 :  0.285 0.135 0.008 0.498 0.017 0.021 0.035 
328 CAGUFP24    (0)   14 :  0.054 0.040 0.013 0.850 0.012 0.023 0.008 
329 CAGUFP25    (0)   14 :  0.701 0.108 0.009 0.122 0.028 0.009 0.023 
330 CAGUFP27    (0)   14 :  0.036 0.009 0.038 0.863 0.030 0.006 0.018 
331 CAGUFP28   (16)   14 :  0.520 0.087 0.005 0.233 0.009 0.132 0.013 
332 CAGUFP29    (0)   14 :  0.511 0.126 0.011 0.049 0.013 0.025 0.264 
333 CAGUFP30    (0)   14 :  0.907 0.018 0.005 0.044 0.007 0.011 0.008 
334 CAGUFP31    (0)   14 :  0.583 0.007 0.076 0.207 0.065 0.007 0.054 
335 CAGUFP32    (8)   14 :  0.870 0.011 0.019 0.046 0.020 0.012 0.022 
336 CAGUFP33    (8)   14 :  0.233 0.040 0.006 0.172 0.026 0.213 0.310 
337 CAGUFP34    (0)   14 :  0.549 0.154 0.008 0.222 0.024 0.010 0.032 
338 CAGUDIX1    (0)   15 :  0.180 0.017 0.026 0.446 0.029 0.027 0.276 
339 CAGUDIX2    (0)   15 :  0.554 0.007 0.017 0.351 0.034 0.009 0.029 
340 CAGUDIX3    (0)   15 :  0.102 0.018 0.087 0.535 0.179 0.013 0.068 
341 CAGUDIX4    (0)   15 :  0.341 0.012 0.057 0.224 0.269 0.021 0.075 
342 CAGUDIX5    (0)   15 :  0.037 0.012 0.007 0.597 0.292 0.009 0.046 
343 CAGUDIX6    (0)   15 :  0.012 0.009 0.010 0.921 0.021 0.009 0.018 
344 CAGUDIX7    (0)   15 :  0.218 0.025 0.009 0.713 0.012 0.012 0.011 
345 CAGUDIX8    (0)   15 :  0.048 0.012 0.016 0.243 0.032 0.005 0.645 
346 CAGUDIX9    (0)   15 :  0.750 0.019 0.014 0.173 0.012 0.018 0.015 
347 CAGUDIX10    (0)   15 :  0.789 0.013 0.005 0.123 0.008 0.045 0.017 
348 CAGUDIX11    (8)   15 :  0.663 0.015 0.048 0.189 0.022 0.015 0.047 
349 CAGUDIX12    (0)   15 :  0.814 0.021 0.012 0.064 0.013 0.012 0.063 
350 CAGUDIX13    (0)   15 :  0.504 0.037 0.015 0.039 0.086 0.143 0.176 
351 CAGUDIX14    (8)   15 :  0.455 0.014 0.011 0.052 0.087 0.006 0.376 
352 CAGUDIX15   (25)   15 :  0.234 0.027 0.010 0.700 0.011 0.008 0.010 
353 CAGUDIX16    (0)   15 :  0.626 0.128 0.008 0.059 0.021 0.023 0.135 
354 CAGUDIX17    (0)   15 :  0.043 0.008 0.015 0.898 0.021 0.006 0.011 
355 CAGUDIX18    (0)   15 :  0.293 0.022 0.033 0.487 0.106 0.014 0.045 
356 CAGUDIX19    (0)   15 :  0.048 0.325 0.006 0.591 0.009 0.012 0.008 
357 CAGUDIX20    (0)   15 :  0.320 0.017 0.015 0.380 0.080 0.005 0.183 
358 CAGUDIX21   (16)   15 :  0.205 0.011 0.009 0.733 0.009 0.010 0.022 
359 CAGUDIX22    (0)   15 :  0.688 0.019 0.058 0.161 0.058 0.006 0.010 
360 CAGUDIX23    (0)   15 :  0.461 0.013 0.012 0.119 0.036 0.010 0.348 
361 CAGUDIX24    (0)   15 :  0.370 0.019 0.005 0.553 0.007 0.018 0.027 
362 CAGUDIX25    (0)   15 :  0.059 0.050 0.017 0.140 0.048 0.012 0.674 
363 CAGUDIX26    (0)   15 :  0.033 0.010 0.046 0.716 0.136 0.048 0.011 
364 CAGUDIX27    (0)   15 :  0.252 0.015 0.042 0.072 0.180 0.015 0.423 
365 CAGUDIX28    (0)   15 :  0.118 0.095 0.008 0.718 0.019 0.008 0.035 
366 CAGUDIX29    (0)   15 :  0.058 0.012 0.008 0.871 0.033 0.010 0.009 
367 CAGUDIX30    (8)   15 :  0.056 0.579 0.011 0.284 0.037 0.013 0.020 
368 CAGUDIX31    (8)   15 :  0.045 0.165 0.006 0.347 0.393 0.017 0.028 
369 CAGUDIX32    (0)   15 :  0.040 0.009 0.041 0.657 0.234 0.007 0.013 
370 CAGUCR1151    (0)   16 :  0.025 0.036 0.176 0.352 0.225 0.151 0.036 
371 CAGUCR1152   (16)   16 :  0.011 0.009 0.142 0.022 0.009 0.012 0.794 
372  CAGUSL1    (8)   17 :  0.072 0.053 0.733 0.041 0.017 0.058 0.025 
373  CAGUSL2    (0)   17 :  0.333 0.016 0.174 0.273 0.039 0.012 0.153 
374  CAGUSL3    (0)   17 :  0.085 0.215 0.509 0.036 0.017 0.039 0.099 
375  CAGUSL4    (0)   17 :  0.033 0.010 0.616 0.042 0.219 0.007 0.072 
376  CAGUSL5    (0)   17 :  0.147 0.029 0.436 0.091 0.269 0.006 0.023 
377  CAGUSL6    (0)   17 :  0.062 0.070 0.467 0.235 0.112 0.027 0.028 
378  CAGUSL7    (0)   17 :  0.296 0.139 0.115 0.082 0.057 0.047 0.263 
379  CAGUSL8    (0)   17 :  0.092 0.046 0.260 0.081 0.249 0.058 0.214 
380  CAGUSL9   (25)   17 :  0.057 0.016 0.033 0.836 0.035 0.012 0.010 
381 CAGUSL10    (8)   17 :  0.355 0.060 0.500 0.017 0.043 0.010 0.015 
382 CAGUSL11   (16)   17 :  0.040 0.018 0.486 0.055 0.097 0.010 0.293 
383 CAGUSL12    (0)   17 :  0.250 0.071 0.503 0.100 0.024 0.027 0.026 
384 CAGUSL13    (0)   17 :  0.070 0.120 0.682 0.066 0.028 0.017 0.017 
385 CAGUSL14    (0)   17 :  0.286 0.086 0.123 0.311 0.033 0.010 0.150 
386 CAGUSL15    (8)   17 :  0.115 0.049 0.505 0.122 0.027 0.050 0.132 
387 CAGUSL16    (0)   17 :  0.467 0.037 0.156 0.179 0.039 0.043 0.079 
388 CAGUSL17    (8)   17 :  0.010 0.005 0.016 0.013 0.169 0.010 0.777 
389 CAGUSL18    (0)   17 :  0.064 0.153 0.569 0.079 0.048 0.074 0.014 
390 CAGUSL19    (0)   17 :  0.145 0.042 0.079 0.427 0.138 0.114 0.055 
391 CAGUSL20    (8)   17 :  0.059 0.024 0.708 0.053 0.103 0.020 0.034 
392 CAGUSL21    (0)   17 :  0.149 0.044 0.601 0.068 0.043 0.021 0.075 
393 CAGUSL22    (0)   17 :  0.258 0.046 0.384 0.188 0.052 0.038 0.034 
394 CAGUSL23    (8)   17 :  0.036 0.013 0.609 0.190 0.117 0.015 0.020 
395 CAGUSL24    (0)   17 :  0.164 0.322 0.055 0.091 0.020 0.007 0.341 
396 CAGUSL25    (8)   17 :  0.317 0.100 0.027 0.212 0.041 0.058 0.245 
397 CAGUSL26    (8)   17 :  0.076 0.019 0.035 0.770 0.023 0.009 0.069 
398 CAGUSL27    (0)   17 :  0.020 0.023 0.898 0.022 0.017 0.012 0.007 
399 CAGUSL28    (0)   17 :  0.068 0.071 0.170 0.121 0.544 0.011 0.014 
400 CAGUSL29    (0)   17 :  0.088 0.012 0.010 0.760 0.016 0.011 0.103 
401 CAGUSL30    (0)   17 :  0.078 0.016 0.568 0.200 0.069 0.022 0.047 
402 CAGUSL31    (0)   17 :  0.030 0.022 0.500 0.366 0.015 0.009 0.058 
403 CAGUSL32    (8)   17 :  0.012 0.006 0.037 0.845 0.066 0.008 0.026 
404  CAGUSR1    (0)   18 :  0.029 0.048 0.733 0.039 0.015 0.122 0.014 
405  CAGUSR2    (8)   18 :  0.037 0.120 0.714 0.028 0.051 0.030 0.019 
406  CAGUSR3    (8)   18 :  0.008 0.010 0.935 0.008 0.010 0.007 0.024 
407  CAGUSR4    (8)   18 :  0.066 0.027 0.712 0.066 0.064 0.043 0.022 
408  CAGUSR5    (0)   18 :  0.046 0.010 0.844 0.049 0.011 0.019 0.020 
409  CAGUSR6    (0)   18 :  0.222 0.048 0.053 0.498 0.100 0.019 0.060 
410  CAGUSR7    (0)   18 :  0.011 0.096 0.618 0.057 0.180 0.024 0.014 
411  CAGUSR8    (8)   18 :  0.055 0.006 0.649 0.092 0.162 0.006 0.030 
412  CAGUSR9    (8)   18 :  0.007 0.010 0.962 0.005 0.007 0.003 0.005 
413 CAGUSR10    (8)   18 :  0.008 0.008 0.918 0.011 0.017 0.019 0.018 
414 CAGUSR11    (0)   18 :  0.021 0.054 0.658 0.155 0.038 0.012 0.063 
415 CAGUSR12    (8)   18 :  0.013 0.005 0.771 0.090 0.015 0.058 0.048 
416 CAGUSR13   (16)   18 :  0.016 0.033 0.766 0.041 0.104 0.013 0.028 
417 CAGUSR14    (0)   18 :  0.063 0.045 0.618 0.075 0.119 0.042 0.037 
418 CAGUSR15    (8)   18 :  0.047 0.020 0.383 0.120 0.243 0.029 0.158 
419 CAGUSR16    (8)   18 :  0.122 0.031 0.193 0.254 0.204 0.092 0.104 
420 CAGUSR17    (0)   18 :  0.039 0.032 0.870 0.019 0.013 0.010 0.017 
421 CAGUSR18    (0)   18 :  0.053 0.018 0.301 0.175 0.181 0.120 0.152 
422 CAGUSR19    (8)   18 :  0.017 0.053 0.540 0.083 0.267 0.006 0.034 
423 CAGUSR20    (0)   18 :  0.016 0.069 0.678 0.114 0.070 0.041 0.011 
424 CAGUSR21    (0)   18 :  0.020 0.150 0.493 0.022 0.269 0.038 0.008 
425 CAGUSR22    (0)   18 :  0.016 0.011 0.855 0.017 0.020 0.070 0.012 
426 CAGUSR23    (0)   18 :  0.154 0.040 0.047 0.409 0.153 0.042 0.154 
427 CAGUSR24    (0)   18 :  0.078 0.128 0.099 0.582 0.043 0.032 0.039 
428 CAGUSR25    (8)   18 :  0.244 0.031 0.502 0.054 0.020 0.029 0.119 
429 CAGUSR26    (0)   18 :  0.019 0.052 0.424 0.024 0.058 0.006 0.417 
430 CAGUSR27    (0)   18 :  0.103 0.070 0.727 0.018 0.020 0.008 0.054 
431 CAGUSR28    (0)   18 :  0.014 0.010 0.933 0.012 0.010 0.013 0.008 
432 CAGUSR29    (0)   18 :  0.046 0.006 0.386 0.164 0.298 0.017 0.083 
433 CAGUSR30    (8)   18 :  0.014 0.006 0.212 0.079 0.252 0.040 0.396 
434 CAGUSR31    (0)   18 :  0.027 0.071 0.413 0.024 0.437 0.010 0.018 
435 CAGUSR32    (0)   18 :  0.008 0.005 0.934 0.009 0.019 0.008 0.017 
436 CAGUDCR1    (0)   19 :  0.011 0.006 0.944 0.007 0.011 0.012 0.009 
437 CAGUDCR2    (8)   19 :  0.038 0.021 0.571 0.114 0.093 0.020 0.145 
438 CAGUDCR3    (0)   19 :  0.029 0.017 0.848 0.023 0.035 0.029 0.019 
439 CAGUDCR4    (0)   19 :  0.005 0.005 0.970 0.005 0.006 0.004 0.005 
440 CAGUDCR5    (8)   19 :  0.012 0.010 0.939 0.011 0.012 0.010 0.005 
441 CAGUDCR6    (0)   19 :  0.005 0.004 0.949 0.007 0.021 0.004 0.009 
442 CAGUDCR7    (0)   19 :  0.006 0.005 0.949 0.006 0.010 0.004 0.020 
443 CAGUDCR8    (0)   19 :  0.024 0.066 0.706 0.020 0.146 0.017 0.021 
444 CAGUDCR9   (16)   19 :  0.005 0.004 0.967 0.005 0.007 0.004 0.008 
445 CAGUDCR10    (0)   19 :  0.006 0.005 0.802 0.005 0.005 0.174 0.004 
446 CAGUDCR11    (0)   19 :  0.024 0.011 0.883 0.024 0.027 0.021 0.009 
447 CAGUDCR12    (0)   19 :  0.010 0.007 0.831 0.010 0.080 0.005 0.056 
448 CAGUDCR13    (0)   19 :  0.011 0.020 0.876 0.010 0.027 0.011 0.045 
449 CAGUDCR15    (0)   19 :  0.007 0.006 0.963 0.005 0.007 0.006 0.006 
450 CAGUDCR16    (0)   19 :  0.008 0.009 0.614 0.007 0.304 0.035 0.022 
451 CAGUDCR17    (0)   19 :  0.006 0.004 0.953 0.014 0.011 0.006 0.007 
452 CAGUDCR18    (0)   19 :  0.012 0.006 0.841 0.042 0.071 0.006 0.022 
453 CAGUDCR19    (0)   19 :  0.046 0.032 0.741 0.144 0.009 0.013 0.015 
454 CAGUDCR20    (0)   19 :  0.006 0.004 0.955 0.009 0.012 0.006 0.008 
455 CAGUDCR21    (8)   19 :  0.021 0.009 0.859 0.013 0.050 0.022 0.025 
456 CAGUDCR22   (16)   19 :  0.016 0.011 0.914 0.028 0.012 0.007 0.011 
457 CAGUDCR23    (8)   19 :  0.007 0.008 0.954 0.006 0.006 0.004 0.015 
458 CAGUDCR24    (0)   19 :  0.005 0.004 0.968 0.005 0.007 0.005 0.006 
459 CAGUDCR25    (0)   19 :  0.005 0.009 0.961 0.004 0.011 0.004 0.006 
460 CAGUDCR26    (8)   19 :  0.021 0.013 0.905 0.014 0.010 0.032 0.005 
461 CAGUDCR27    (8)   19 :  0.078 0.008 0.819 0.020 0.025 0.011 0.040 
462 CAGUDCR28    (8)   19 :  0.006 0.005 0.963 0.007 0.008 0.005 0.006 
463 CAGUDCR29    (0)   19 :  0.006 0.007 0.964 0.006 0.005 0.006 0.005 
464 CAGUDCR30    (0)   19 :  0.005 0.004 0.957 0.005 0.009 0.004 0.018 
465 CAGUDCR31    (0)   19 :  0.004 0.004 0.975 0.004 0.005 0.004 0.005 
466 CAGUDCR32   (16)   19 :  0.005 0.004 0.953 0.006 0.019 0.004 0.009 
467 CAGUSCR1    (8)   20 :  0.012 0.006 0.880 0.037 0.040 0.004 0.021 
468 CAGUSCR2    (8)   20 :  0.012 0.014 0.763 0.008 0.140 0.013 0.050 
469 CAGUSCR3    (0)   20 :  0.006 0.004 0.968 0.005 0.007 0.005 0.005 
470 CAGUSCR4    (8)   20 :  0.013 0.008 0.852 0.086 0.019 0.005 0.017 
471 CAGUSCR5    (0)   20 :  0.010 0.306 0.490 0.013 0.121 0.006 0.056 
472 CAGUSCR6    (0)   20 :  0.007 0.021 0.934 0.007 0.019 0.004 0.007 
473 CAGUSCR7    (8)   20 :  0.007 0.021 0.856 0.011 0.067 0.012 0.027 
474 CAGUSCR8   (25)   20 :  0.011 0.009 0.640 0.013 0.115 0.013 0.197 
475 CAGUSCR9    (8)   20 :  0.005 0.009 0.961 0.004 0.012 0.004 0.005 
476 CAGUSCR10    (8)   20 :  0.004 0.003 0.970 0.004 0.008 0.005 0.006 
477 CAGUSCR11   (25)   20 :  0.027 0.012 0.698 0.026 0.130 0.029 0.077 
478 CAGUSCR12    (0)   20 :  0.032 0.008 0.697 0.057 0.075 0.009 0.122 
479 CAGUSCR13    (0)   20 :  0.011 0.010 0.848 0.020 0.071 0.006 0.034 
480 CAGUSCR14    (0)   20 :  0.004 0.003 0.961 0.006 0.017 0.005 0.004 
481 CAGUSCR15    (0)   20 :  0.038 0.017 0.254 0.066 0.144 0.010 0.471 
482 CAGUSCR16    (0)   20 :  0.007 0.007 0.945 0.007 0.017 0.011 0.006 
483 CAGUSCR17    (8)   20 :  0.006 0.005 0.947 0.008 0.019 0.004 0.011 
484 CAGUSCR18    (0)   20 :  0.004 0.003 0.968 0.004 0.008 0.004 0.007 
485 CAGUSCR19   (25)   20 :  0.013 0.028 0.078 0.012 0.786 0.009 0.074 
486 CAGUSCR20   (25)   20 :  0.009 0.005 0.909 0.019 0.037 0.012 0.009 
487 CAGUSCR21    (0)   20 :  0.012 0.146 0.154 0.018 0.538 0.020 0.112 
488 CAGUSCR22   (16)   20 :  0.010 0.060 0.851 0.009 0.047 0.012 0.011 
489 CAGUSCR23    (0)   20 :  0.009 0.004 0.952 0.007 0.011 0.006 0.010 
490 CAGUSCR24    (8)   20 :  0.007 0.006 0.958 0.007 0.010 0.006 0.007 
491 CAGUSCR25   (16)   20 :  0.006 0.006 0.943 0.007 0.014 0.007 0.016 
492 CAGUSCR26    (8)   20 :  0.008 0.019 0.908 0.012 0.035 0.005 0.013 
493 CAGUSCR27    (8)   20 :  0.019 0.074 0.779 0.016 0.040 0.044 0.029 
494 CAGUSCR28    (0)   20 :  0.005 0.005 0.966 0.006 0.007 0.006 0.005 
495 CAGUSCR29    (8)   20 :  0.006 0.004 0.942 0.019 0.016 0.006 0.007 
496 CAGUSCR30   (16)   20 :  0.004 0.005 0.969 0.005 0.007 0.004 0.006 
497  CAGURC2    (8)   21 :  0.052 0.040 0.594 0.040 0.067 0.192 0.014 
498  CAGURC3    (8)   21 :  0.009 0.007 0.188 0.028 0.737 0.019 0.013 
499  CAGURC4    (0)   21 :  0.010 0.046 0.082 0.023 0.820 0.012 0.007 
500  CAGURC6    (0)   21 :  0.017 0.013 0.177 0.012 0.519 0.006 0.256 
501  CAGURC7    (0)   21 :  0.010 0.011 0.024 0.009 0.869 0.052 0.026 
502 CAGURC10    (0)   21 :  0.036 0.080 0.133 0.024 0.623 0.020 0.083 
503 CAGURC11    (0)   21 :  0.228 0.041 0.010 0.102 0.316 0.187 0.116 
504 CAGURC13   (25)   21 :  0.017 0.026 0.038 0.010 0.746 0.009 0.153 
505 CAGURC19    (0)   21 :  0.013 0.005 0.024 0.066 0.809 0.013 0.070 
506 CAGURC20    (8)   21 :  0.048 0.025 0.512 0.221 0.104 0.082 0.008 
