

----------------------------------------------------
STRUCTURE by Pritchard, Stephens and Donnelly (2000)
     and Falush, Stephens and Pritchard (2003)
       Code by Pritchard, Falush and Hubisz
             Version 2.3.4 (Jul 2012)
----------------------------------------------------



Command line arguments:   bin/structure -m "/Users/Calochortus/Desktop/CAGU_Struct_NoBJ/CAGU_NoBJ/100/mainparams" -e "/Users/Calochortus/Desktop/CAGU_Struct_NoBJ/CAGU_NoBJ/100/extraparams" 
Input File:    /Users/Calochortus/Desktop/CAGU_Struct_NoBJ/CAGU_NoBJ/project_data

Run parameters:
   604 individuals
   12 loci
   7 populations assumed
   100000 Burn-in period
   100000 Reps


--------------------------------------------
Proportion of membership of each pre-defined
 population in each of the 7 clusters

Given    Inferred Clusters                                   Number of
 Pop       1      2      3      4      5      6      7      Individuals

  1:     0.016  0.015  0.919  0.007  0.014  0.014  0.016       32
  2:     0.840  0.046  0.024  0.013  0.033  0.011  0.033       31
  3:     0.653  0.048  0.060  0.021  0.057  0.020  0.140       33
  4:     0.840  0.049  0.017  0.007  0.025  0.012  0.050       28
  5:     0.620  0.090  0.109  0.022  0.081  0.014  0.065       24
  6:     0.697  0.030  0.044  0.034  0.024  0.073  0.098       11
  7:     0.082  0.564  0.083  0.019  0.103  0.019  0.131       28
  8:     0.085  0.407  0.197  0.015  0.210  0.031  0.055       20
 10:     0.025  0.398  0.010  0.017  0.212  0.024  0.313       13
 11:     0.103  0.345  0.039  0.042  0.270  0.029  0.171       28
 12:     0.082  0.148  0.022  0.014  0.457  0.030  0.247       30
 13:     0.093  0.247  0.034  0.015  0.379  0.032  0.200       27
 14:     0.042  0.331  0.022  0.043  0.272  0.042  0.248       32
 15:     0.049  0.193  0.017  0.018  0.381  0.079  0.262       32
 16:     0.024  0.015  0.066  0.247  0.129  0.094  0.426        2
 17:     0.042  0.096  0.023  0.360  0.171  0.075  0.233       32
 18:     0.040  0.038  0.030  0.606  0.091  0.074  0.119       32
 19:     0.010  0.012  0.016  0.894  0.018  0.025  0.024       31
 20:     0.029  0.011  0.010  0.814  0.019  0.096  0.021       30
 21:     0.057  0.025  0.061  0.229  0.096  0.419  0.114       13
 22:     0.035  0.022  0.020  0.107  0.073  0.690  0.054       31
 23:     0.022  0.029  0.033  0.129  0.060  0.644  0.082       30
 24:     0.025  0.053  0.025  0.020  0.048  0.703  0.127       34
--------------------------------------------

Allele-freq. divergence among pops (Net nucleotide distance),
computed using point estimates of P.

      1       2       3       4       5       6       7      
 1      -    0.1061  0.1548  0.3492  0.1250  0.2337  0.0956  
 2   0.1061     -    0.1602  0.2552  0.0358  0.1595  0.0323  
 3   0.1548  0.1602     -    0.3350  0.1593  0.2318  0.1408  
 4   0.3492  0.2552  0.3350     -    0.1973  0.1107  0.1714  
 5   0.1250  0.0358  0.1593  0.1973     -    0.1059  0.0261  
 6   0.2337  0.1595  0.2318  0.1107  0.1059     -    0.0927  
 7   0.0956  0.0323  0.1408  0.1714  0.0261  0.0927     -    

Average distances (expected heterozygosity) between individuals in same cluster:
cluster  1  : 0.3662 
cluster  2  : 0.4715 
cluster  3  : 0.3417 
cluster  4  : 0.4311 
cluster  5  : 0.5529 
cluster  6  : 0.6320 
cluster  7  : 0.5943 

--------------------------------------------
Estimated Ln Prob of Data   = -14026.4
Mean value of ln likelihood = -13449.4
Variance of ln likelihood   = 1154.0
Mean value of alpha         = 0.0545

Mean value of Fst_1         = 0.4267
Mean value of Fst_2         = 0.1882
Mean value of Fst_3         = 0.4893
Mean value of Fst_4         = 0.3206
Mean value of Fst_5         = 0.1011
Mean value of Fst_6         = 0.1225
Mean value of Fst_7         = 0.0778


Inferred ancestry of individuals:
        Label (%Miss) Pop:  Inferred clusters
  1 CAGUABR1    (8)    1 :  0.015 0.009 0.949 0.007 0.007 0.006 0.008 
  2 CAGUABR2    (0)    1 :  0.019 0.049 0.728 0.011 0.083 0.017 0.093 
  3 CAGUABR3    (8)    1 :  0.009 0.009 0.960 0.005 0.006 0.005 0.007 
  4 CAGUABR4    (8)    1 :  0.008 0.008 0.961 0.004 0.007 0.005 0.007 
  5 CAGUABR5    (8)    1 :  0.022 0.012 0.925 0.009 0.011 0.007 0.015 
  6 CAGUABR6    (8)    1 :  0.014 0.018 0.930 0.006 0.014 0.007 0.011 
  7 CAGUABR7    (0)    1 :  0.009 0.005 0.971 0.003 0.004 0.003 0.004 
  8 CAGUABR8    (0)    1 :  0.006 0.016 0.934 0.007 0.015 0.008 0.013 
  9 CAGUABR9    (0)    1 :  0.007 0.006 0.957 0.009 0.010 0.005 0.006 
 10 CAGUABR10    (0)    1 :  0.026 0.020 0.908 0.006 0.019 0.007 0.015 
 11 CAGUABR11    (8)    1 :  0.017 0.010 0.947 0.004 0.009 0.005 0.008 
 12 CAGUABR12    (8)    1 :  0.072 0.045 0.732 0.019 0.020 0.031 0.082 
 13 CAGUABR13    (0)    1 :  0.020 0.012 0.947 0.004 0.006 0.003 0.007 
 14 CAGUABR14    (8)    1 :  0.033 0.014 0.900 0.013 0.014 0.009 0.017 
 15 CAGUABR15    (8)    1 :  0.007 0.007 0.963 0.006 0.005 0.005 0.006 
 16 CAGUABR16   (16)    1 :  0.010 0.011 0.764 0.007 0.011 0.180 0.016 
 17 CAGUABR17    (0)    1 :  0.030 0.012 0.901 0.008 0.029 0.005 0.015 
 18 CAGUABR18    (8)    1 :  0.034 0.008 0.931 0.005 0.008 0.005 0.009 
 19 CAGUABR19    (8)    1 :  0.007 0.013 0.953 0.004 0.006 0.004 0.013 
 20 CAGUABR20    (0)    1 :  0.007 0.005 0.968 0.005 0.005 0.004 0.006 
 21 CAGUABR21    (0)    1 :  0.028 0.029 0.912 0.006 0.009 0.006 0.010 
 22 CAGUABR22    (8)    1 :  0.009 0.007 0.960 0.005 0.007 0.005 0.006 
 23 CAGUABR23    (8)    1 :  0.012 0.007 0.937 0.013 0.009 0.012 0.010 
 24 CAGUABR24    (8)    1 :  0.013 0.025 0.861 0.014 0.057 0.012 0.018 
 25 CAGUABR25    (8)    1 :  0.007 0.005 0.971 0.003 0.005 0.004 0.005 
 26 CAGUABR26    (8)    1 :  0.006 0.006 0.967 0.004 0.006 0.005 0.006 
 27 CAGUABR27    (8)    1 :  0.013 0.054 0.875 0.005 0.021 0.020 0.012 
 28 CAGUABR28    (0)    1 :  0.008 0.006 0.970 0.003 0.005 0.003 0.005 
 29 CAGUABR29    (0)    1 :  0.009 0.007 0.963 0.004 0.007 0.004 0.005 
 30 CAGUABR30    (8)    1 :  0.009 0.028 0.900 0.005 0.013 0.005 0.039 
 31 CAGUABR31    (0)    1 :  0.006 0.006 0.968 0.004 0.006 0.004 0.006 
 32 CAGUABR32    (8)    1 :  0.007 0.014 0.898 0.008 0.017 0.034 0.022 
 33  CAGUAD1    (0)    2 :  0.816 0.026 0.058 0.021 0.025 0.022 0.031 
 34  CAGUAD2    (0)    2 :  0.572 0.271 0.027 0.007 0.059 0.009 0.056 
 35  CAGUAD3    (0)    2 :  0.698 0.090 0.022 0.010 0.101 0.009 0.070 
 36  CAGUAD4   (25)    2 :  0.895 0.013 0.066 0.004 0.008 0.006 0.008 
 37  CAGUAD5    (8)    2 :  0.883 0.013 0.043 0.004 0.027 0.007 0.022 
 38  CAGUAD6    (0)    2 :  0.925 0.033 0.010 0.004 0.012 0.005 0.011 
 39  CAGUAD7    (0)    2 :  0.967 0.007 0.007 0.003 0.006 0.004 0.006 
 40  CAGUAD8    (8)    2 :  0.956 0.011 0.011 0.004 0.006 0.004 0.007 
 41  CAGUAD9    (0)    2 :  0.937 0.013 0.012 0.008 0.012 0.007 0.012 
 42 CAGUAD10   (25)    2 :  0.899 0.035 0.018 0.006 0.016 0.006 0.021 
 43 CAGUAD11    (0)    2 :  0.946 0.014 0.008 0.005 0.012 0.006 0.009 
 44 CAGUAD12    (0)    2 :  0.745 0.036 0.156 0.009 0.019 0.008 0.027 
 45 CAGUAD13    (0)    2 :  0.869 0.010 0.082 0.007 0.011 0.009 0.012 
 46 CAGUAD14    (0)    2 :  0.940 0.017 0.014 0.005 0.008 0.005 0.011 
 47 CAGUAD15    (0)    2 :  0.950 0.014 0.007 0.005 0.009 0.005 0.011 
 48 CAGUAD16    (0)    2 :  0.969 0.007 0.007 0.003 0.005 0.003 0.005 
 49 CAGUAD17    (0)    2 :  0.909 0.034 0.005 0.006 0.016 0.008 0.021 
 50 CAGUAD18    (0)    2 :  0.605 0.037 0.017 0.015 0.237 0.020 0.067 
 51 CAGUAD19    (0)    2 :  0.663 0.085 0.027 0.005 0.138 0.014 0.068 
 52 CAGUAD20    (0)    2 :  0.824 0.103 0.024 0.005 0.022 0.005 0.018 
 53 CAGUAD21    (0)    2 :  0.837 0.018 0.014 0.033 0.039 0.035 0.023 
 54 CAGUAD22    (0)    2 :  0.944 0.009 0.009 0.009 0.008 0.010 0.010 
 55 CAGUAD23    (0)    2 :  0.947 0.011 0.010 0.007 0.008 0.006 0.011 
 56 CAGUAD24    (0)    2 :  0.869 0.008 0.007 0.063 0.009 0.014 0.031 
 57 CAGUAD25    (0)    2 :  0.574 0.043 0.009 0.005 0.046 0.017 0.305 
 58 CAGUAD26   (16)    2 :  0.948 0.013 0.008 0.005 0.008 0.006 0.012 
 59 CAGUAD27    (0)    2 :  0.755 0.025 0.006 0.089 0.059 0.041 0.025 
 60 CAGUAD28    (0)    2 :  0.862 0.057 0.029 0.005 0.010 0.018 0.019 
 61 CAGUAD29    (0)    2 :  0.628 0.235 0.005 0.040 0.027 0.014 0.050 
 62 CAGUAD30    (0)    2 :  0.813 0.097 0.019 0.008 0.026 0.013 0.024 
 63 CAGUAD32    (0)    2 :  0.899 0.031 0.006 0.005 0.028 0.010 0.021 
 64  CAGUBH1    (0)    3 :  0.778 0.040 0.016 0.018 0.025 0.012 0.110 
 65  CAGUBH2    (0)    3 :  0.955 0.011 0.007 0.005 0.007 0.004 0.011 
 66  CAGUBH3   (25)    3 :  0.823 0.042 0.018 0.012 0.024 0.011 0.070 
 67  CAGUBH4    (0)    3 :  0.924 0.007 0.037 0.008 0.007 0.007 0.009 
 68  CAGUBH5    (0)    3 :  0.890 0.033 0.009 0.006 0.010 0.006 0.047 
 69  CAGUBH6    (0)    3 :  0.957 0.009 0.012 0.005 0.006 0.004 0.007 
 70  CAGUBH7    (0)    3 :  0.873 0.023 0.016 0.016 0.018 0.020 0.034 
 71  CAGUBH8   (25)    3 :  0.782 0.022 0.008 0.019 0.029 0.022 0.118 
 72  CAGUBH9    (8)    3 :  0.902 0.029 0.010 0.006 0.009 0.006 0.039 
 73 CAGUBH10    (0)    3 :  0.872 0.023 0.016 0.016 0.018 0.020 0.034 
 74 CAGUBH11    (8)    3 :  0.883 0.010 0.011 0.025 0.019 0.014 0.037 
 75 CAGUBH12   (25)    3 :  0.920 0.016 0.011 0.012 0.009 0.011 0.021 
 76 CAGUBH13   (33)    3 :  0.632 0.045 0.172 0.009 0.093 0.016 0.033 
 77 CAGUBH14   (16)    3 :  0.072 0.026 0.012 0.017 0.811 0.010 0.052 
 78 CAGUBH15    (0)    3 :  0.907 0.046 0.005 0.005 0.010 0.005 0.021 
 79 CAGUBH16    (0)    3 :  0.817 0.123 0.015 0.005 0.017 0.006 0.018 
 80 CAGUBH18    (8)    3 :  0.424 0.032 0.210 0.066 0.012 0.027 0.231 
 81 CAGUBH19    (8)    3 :  0.700 0.082 0.008 0.034 0.013 0.010 0.154 
 82 CAGUBH20    (8)    3 :  0.170 0.097 0.016 0.012 0.020 0.012 0.673 
 83 CAGUBH21    (8)    3 :  0.585 0.017 0.335 0.023 0.010 0.007 0.022 
 84 CAGUBH22    (0)    3 :  0.314 0.065 0.250 0.008 0.236 0.039 0.089 
 85 CAGUBH23    (0)    3 :  0.822 0.072 0.008 0.005 0.033 0.010 0.050 
 86 CAGUBH25   (25)    3 :  0.709 0.025 0.011 0.067 0.027 0.072 0.089 
 87 CAGUBH26    (0)    3 :  0.267 0.073 0.046 0.062 0.122 0.027 0.402 
 88 CAGUBH27    (0)    3 :  0.919 0.013 0.010 0.011 0.009 0.007 0.030 
 89 CAGUBH28   (25)    3 :  0.020 0.071 0.010 0.066 0.027 0.007 0.798 
 90 CAGUBH29    (0)    3 :  0.323 0.073 0.007 0.028 0.018 0.201 0.351 
 91 CAGUBH30    (0)    3 :  0.663 0.191 0.016 0.010 0.046 0.008 0.066 
 92 CAGUBH31    (0)    3 :  0.945 0.008 0.010 0.006 0.012 0.008 0.011 
 93 CAGUBH32    (0)    3 :  0.659 0.025 0.047 0.010 0.012 0.009 0.239 
 94 CAGUBH34    (0)    3 :  0.629 0.066 0.007 0.034 0.064 0.018 0.181 
 95 CAGUBH36   (33)    3 :  0.128 0.043 0.594 0.017 0.103 0.010 0.105 
 96 CAGUBH37    (8)    3 :  0.302 0.123 0.011 0.060 0.019 0.024 0.461 
 97 CAGUMSR1    (0)    4 :  0.941 0.016 0.006 0.007 0.012 0.005 0.012 
 98 CAGUMSR2    (0)    4 :  0.873 0.017 0.009 0.004 0.073 0.008 0.015 
 99 CAGUMSR3    (0)    4 :  0.938 0.013 0.005 0.004 0.019 0.005 0.017 
100 CAGUMSR4    (0)    4 :  0.957 0.011 0.010 0.004 0.007 0.004 0.007 
101 CAGUMSR5    (0)    4 :  0.948 0.010 0.009 0.010 0.007 0.006 0.010 
102 CAGUMSR6    (0)    4 :  0.891 0.044 0.020 0.004 0.019 0.005 0.016 
103 CAGUMSR7    (0)    4 :  0.909 0.012 0.008 0.008 0.032 0.013 0.018 
104 CAGUMSR8    (0)    4 :  0.959 0.012 0.006 0.003 0.008 0.004 0.008 
105 CAGUMSR9    (0)    4 :  0.862 0.026 0.013 0.011 0.050 0.008 0.031 
106 CAGUMSR10    (0)    4 :  0.950 0.011 0.007 0.008 0.009 0.005 0.011 
107 CAGUMSR11    (0)    4 :  0.865 0.035 0.008 0.012 0.024 0.007 0.049 
108 CAGUMSR12    (0)    4 :  0.943 0.010 0.021 0.004 0.010 0.005 0.008 
109 CAGUMSR13    (0)    4 :  0.944 0.011 0.021 0.004 0.008 0.004 0.008 
110 CAGUMSR14    (8)    4 :  0.691 0.013 0.006 0.028 0.078 0.132 0.052 
111 CAGUMSR15    (0)    4 :  0.950 0.007 0.021 0.004 0.007 0.004 0.007 
112 CAGUMSR16    (0)    4 :  0.762 0.083 0.064 0.006 0.018 0.016 0.051 
113 CAGUMSR18    (0)    4 :  0.861 0.020 0.061 0.013 0.026 0.005 0.014 
114 CAGUMSR19    (0)    4 :  0.930 0.012 0.022 0.007 0.010 0.007 0.011 
115 CAGUMSR20    (0)    4 :  0.954 0.010 0.007 0.003 0.011 0.004 0.010 
116 CAGUMSR21    (0)    4 :  0.845 0.038 0.018 0.009 0.023 0.011 0.057 
117 CAGUMSR22    (0)    4 :  0.953 0.013 0.007 0.004 0.009 0.005 0.009 
118 CAGUMSR23    (0)    4 :  0.949 0.010 0.015 0.004 0.009 0.005 0.009 
119 CAGUMSR24    (0)    4 :  0.966 0.008 0.006 0.003 0.006 0.004 0.006 
120 CAGUMSR25    (8)    4 :  0.887 0.015 0.062 0.006 0.012 0.006 0.013 
121 CAGUMSR26    (0)    4 :  0.344 0.391 0.010 0.007 0.101 0.021 0.126 
122 CAGUMSR28    (0)    4 :  0.885 0.019 0.008 0.005 0.065 0.005 0.014 
123 CAGUMSR29   (16)    4 :  0.441 0.470 0.026 0.008 0.019 0.010 0.027 
124 CAGUMSR30    (0)    4 :  0.119 0.043 0.004 0.008 0.022 0.010 0.795 
125 CAGURAT6    (0)    5 :  0.747 0.010 0.183 0.019 0.011 0.014 0.016 
126 CAGURAT8   (16)    5 :  0.642 0.212 0.033 0.009 0.036 0.016 0.052 
127 CAGURAT10    (8)    5 :  0.929 0.025 0.013 0.005 0.010 0.005 0.013 
128 CAGURAT11    (0)    5 :  0.653 0.135 0.043 0.027 0.024 0.027 0.089 
129 CAGURAT12   (25)    5 :  0.232 0.219 0.302 0.075 0.053 0.013 0.105 
130 CAGURAT14   (25)    5 :  0.074 0.043 0.032 0.013 0.679 0.036 0.123 
131 CAGURAT15   (25)    5 :  0.823 0.021 0.056 0.039 0.024 0.008 0.028 
132 CAGURAT16   (16)    5 :  0.778 0.049 0.054 0.013 0.025 0.023 0.058 
133 CAGURAT17    (0)    5 :  0.407 0.106 0.397 0.015 0.012 0.010 0.052 
134 CAGURAT18   (41)    5 :  0.055 0.082 0.063 0.008 0.725 0.009 0.058 
135 CAGURAT19    (8)    5 :  0.901 0.019 0.009 0.021 0.013 0.016 0.020 
136 CAGURAT20   (16)    5 :  0.626 0.024 0.248 0.043 0.011 0.017 0.032 
137 CAGURAT21    (8)    5 :  0.876 0.007 0.005 0.057 0.013 0.014 0.028 
138 CAGURAT22    (8)    5 :  0.838 0.051 0.017 0.006 0.037 0.007 0.043 
139 CAGURAT23    (0)    5 :  0.898 0.032 0.020 0.005 0.018 0.006 0.020 
140 CAGURAT25    (0)    5 :  0.876 0.060 0.013 0.004 0.020 0.006 0.021 
141 CAGURAT29    (0)    5 :  0.233 0.630 0.012 0.005 0.029 0.011 0.079 
142 CAGURAT30    (0)    5 :  0.292 0.009 0.641 0.019 0.007 0.021 0.011 
143 CAGURAT31    (0)    5 :  0.774 0.128 0.006 0.006 0.015 0.007 0.064 
144 CAGURAT32    (8)    5 :  0.448 0.046 0.372 0.012 0.063 0.017 0.043 
145 CAGURAT33   (25)    5 :  0.934 0.013 0.015 0.006 0.014 0.008 0.010 
146 CAGURAT34    (0)    5 :  0.921 0.021 0.008 0.006 0.015 0.005 0.024 
147 CAGURAT35    (0)    5 :  0.440 0.164 0.008 0.101 0.016 0.010 0.260 
148 CAGURAT36    (0)    5 :  0.486 0.052 0.060 0.013 0.065 0.020 0.303 
149  CAGUWP1    (8)    6 :  0.927 0.012 0.010 0.011 0.015 0.008 0.018 
150  CAGUWP7    (8)    6 :  0.810 0.034 0.075 0.008 0.024 0.012 0.037 
151  CAGUWP9   (33)    6 :  0.940 0.010 0.010 0.014 0.007 0.009 0.010 
152 CAGUWP11   (16)    6 :  0.795 0.095 0.013 0.009 0.027 0.006 0.055 
153 CAGUWP14   (16)    6 :  0.686 0.015 0.022 0.014 0.028 0.037 0.197 
154 CAGUWP17   (16)    6 :  0.241 0.052 0.014 0.130 0.054 0.038 0.471 
155 CAGUWP18   (16)    6 :  0.832 0.043 0.023 0.027 0.018 0.009 0.047 
156 CAGUWP19    (8)    6 :  0.269 0.021 0.159 0.021 0.017 0.469 0.043 
157 CAGUWP20    (8)    6 :  0.953 0.008 0.006 0.009 0.008 0.006 0.009 
158 CAGUWP21   (16)    6 :  0.513 0.024 0.045 0.028 0.051 0.179 0.161 
159 CAGUWP22    (8)    6 :  0.701 0.015 0.109 0.104 0.011 0.027 0.033 
160  CAGUSD1   (25)    7 :  0.016 0.852 0.061 0.012 0.024 0.007 0.029 
161  CAGUSD3   (33)    7 :  0.027 0.277 0.197 0.054 0.236 0.043 0.166 
162  CAGUSD4    (0)    7 :  0.080 0.589 0.225 0.014 0.038 0.011 0.043 
163  CAGUSD5   (25)    7 :  0.017 0.878 0.010 0.008 0.034 0.009 0.044 
164  CAGUSD7    (8)    7 :  0.232 0.515 0.013 0.018 0.023 0.008 0.191 
165  CAGUSD8    (8)    7 :  0.071 0.517 0.027 0.010 0.238 0.008 0.129 
166  CAGUSD9    (8)    7 :  0.013 0.333 0.010 0.011 0.041 0.010 0.581 
167 CAGUSD11   (16)    7 :  0.266 0.142 0.164 0.012 0.026 0.040 0.351 
168 CAGUSD12   (16)    7 :  0.035 0.141 0.030 0.012 0.299 0.015 0.468 
169 CAGUSD14    (0)    7 :  0.026 0.725 0.012 0.005 0.016 0.009 0.207 
170 CAGUSD15    (8)    7 :  0.012 0.900 0.013 0.018 0.029 0.006 0.021 
171 CAGUSD16    (8)    7 :  0.042 0.265 0.516 0.028 0.097 0.008 0.044 
172 CAGUSD17   (16)    7 :  0.099 0.109 0.025 0.017 0.494 0.036 0.220 
173 CAGUSD18   (16)    7 :  0.299 0.407 0.026 0.013 0.091 0.086 0.077 
174 CAGUSD19    (0)    7 :  0.014 0.890 0.020 0.006 0.044 0.011 0.016 
175 CAGUSD20    (0)    7 :  0.012 0.790 0.050 0.088 0.011 0.020 0.030 
176 CAGUSD21    (0)    7 :  0.316 0.543 0.022 0.005 0.019 0.004 0.091 
177 CAGUSD22    (0)    7 :  0.102 0.337 0.018 0.010 0.426 0.005 0.101 
178 CAGUSD23   (16)    7 :  0.058 0.447 0.007 0.015 0.042 0.077 0.354 
179 CAGUSD25    (8)    7 :  0.054 0.183 0.554 0.078 0.024 0.019 0.088 
180 CAGUSD27    (0)    7 :  0.028 0.929 0.015 0.004 0.009 0.004 0.010 
181 CAGUSD28   (16)    7 :  0.090 0.405 0.015 0.012 0.335 0.010 0.134 
182 CAGUSD29    (8)    7 :  0.015 0.892 0.021 0.012 0.032 0.008 0.021 
183 CAGUSD30    (0)    7 :  0.042 0.685 0.142 0.027 0.022 0.012 0.069 
184 CAGUSD32    (0)    7 :  0.064 0.846 0.012 0.011 0.017 0.018 0.032 
185 CAGUSD33   (16)    7 :  0.015 0.932 0.009 0.007 0.012 0.006 0.018 
186 CAGUSD34    (8)    7 :  0.236 0.556 0.077 0.005 0.090 0.006 0.031 
187 CAGUSD35    (0)    7 :  0.007 0.705 0.026 0.015 0.117 0.028 0.102 
188 CAGURGR1   (16)    8 :  0.019 0.681 0.247 0.009 0.017 0.006 0.021 
189 CAGURGR4    (0)    8 :  0.425 0.119 0.162 0.025 0.089 0.027 0.153 
190 CAGURGR5    (0)    8 :  0.197 0.079 0.056 0.004 0.631 0.006 0.027 
191 CAGURGR6    (8)    8 :  0.020 0.168 0.326 0.015 0.342 0.014 0.115 
192 CAGURGR7    (0)    8 :  0.008 0.876 0.012 0.008 0.029 0.041 0.026 
193 CAGURGR8    (8)    8 :  0.033 0.023 0.029 0.005 0.882 0.006 0.022 
194 CAGURGR9   (16)    8 :  0.038 0.620 0.054 0.011 0.198 0.010 0.068 
195 CAGURGR10    (0)    8 :  0.007 0.905 0.005 0.007 0.013 0.049 0.013 
196 CAGURGR11    (0)    8 :  0.086 0.550 0.287 0.004 0.032 0.005 0.035 
197 CAGURGR12    (0)    8 :  0.008 0.018 0.661 0.018 0.087 0.154 0.054 
198 CAGURGR13    (0)    8 :  0.039 0.622 0.009 0.008 0.274 0.005 0.044 
199 CAGURGR14    (0)    8 :  0.014 0.535 0.298 0.013 0.019 0.014 0.107 
200 CAGURGR15   (25)    8 :  0.017 0.938 0.010 0.006 0.012 0.005 0.012 
201 CAGURGR16   (16)    8 :  0.164 0.168 0.072 0.006 0.519 0.010 0.062 
202 CAGURGR17    (8)    8 :  0.118 0.073 0.713 0.017 0.041 0.008 0.030 
203 CAGURGR19    (0)    8 :  0.007 0.840 0.017 0.011 0.089 0.014 0.022 
204 CAGURGR21    (8)    8 :  0.289 0.220 0.013 0.064 0.222 0.013 0.178 
205 CAGURGR22    (0)    8 :  0.013 0.055 0.806 0.042 0.027 0.020 0.036 
206 CAGURGR23   (16)    8 :  0.163 0.598 0.007 0.007 0.014 0.191 0.019 
207 CAGURGR24    (8)    8 :  0.036 0.059 0.161 0.010 0.672 0.011 0.051 
208  CAGUCM1    (0)   10 :  0.020 0.515 0.010 0.051 0.143 0.019 0.241 
209  CAGUCM2    (0)   10 :  0.011 0.493 0.005 0.010 0.145 0.011 0.325 
210  CAGUCM3    (0)   10 :  0.015 0.043 0.023 0.011 0.175 0.011 0.722 
211  CAGUCM4    (0)   10 :  0.005 0.009 0.004 0.007 0.926 0.023 0.025 
212  CAGUCM5   (33)   10 :  0.086 0.356 0.009 0.014 0.038 0.010 0.488 
213  CAGUCM6    (0)   10 :  0.013 0.035 0.008 0.025 0.196 0.025 0.698 
214  CAGUCM7    (0)   10 :  0.019 0.853 0.007 0.005 0.036 0.007 0.075 
215  CAGUCM8    (0)   10 :  0.071 0.569 0.013 0.011 0.032 0.052 0.252 
216  CAGUCM9    (0)   10 :  0.037 0.308 0.007 0.006 0.174 0.006 0.462 
217 CAGUCM10    (0)   10 :  0.007 0.707 0.018 0.006 0.083 0.015 0.164 
218 CAGUCM11    (0)   10 :  0.026 0.450 0.016 0.024 0.219 0.038 0.229 
219 CAGUCM12    (8)   10 :  0.011 0.425 0.009 0.038 0.341 0.038 0.138 
220 CAGUCM13    (0)   10 :  0.010 0.410 0.006 0.008 0.245 0.064 0.257 
221 CAGULPR1    (0)   11 :  0.554 0.290 0.016 0.013 0.050 0.014 0.062 
222 CAGULPR2    (0)   11 :  0.022 0.029 0.045 0.137 0.702 0.023 0.043 
223 CAGULPR3    (0)   11 :  0.006 0.937 0.005 0.004 0.016 0.006 0.027 
224 CAGULPR4    (0)   11 :  0.046 0.586 0.010 0.019 0.035 0.008 0.296 
225 CAGULPR5    (0)   11 :  0.024 0.124 0.006 0.007 0.613 0.009 0.218 
226 CAGULPR6    (0)   11 :  0.037 0.064 0.016 0.142 0.535 0.019 0.187 
227 CAGULPR7    (0)   11 :  0.012 0.091 0.006 0.045 0.494 0.025 0.327 
228 CAGULPR8    (0)   11 :  0.014 0.937 0.007 0.005 0.014 0.007 0.015 
229 CAGULPR9    (0)   11 :  0.017 0.106 0.007 0.006 0.514 0.009 0.341 
230 CAGULPR10    (0)   11 :  0.167 0.178 0.502 0.006 0.095 0.007 0.045 
231 CAGULPR11    (0)   11 :  0.116 0.420 0.107 0.005 0.262 0.008 0.082 
232 CAGULPR12    (0)   11 :  0.549 0.240 0.010 0.004 0.094 0.040 0.063 
233 CAGULPR13    (0)   11 :  0.282 0.313 0.035 0.021 0.017 0.022 0.310 
234 CAGULPR14    (0)   11 :  0.047 0.484 0.035 0.006 0.137 0.006 0.287 
235 CAGULPR15    (0)   11 :  0.022 0.017 0.008 0.007 0.896 0.008 0.042 
236 CAGULPR16    (0)   11 :  0.091 0.106 0.178 0.078 0.045 0.035 0.466 
237 CAGULPR17    (0)   11 :  0.033 0.112 0.004 0.203 0.107 0.335 0.206 
238 CAGULPR18    (0)   11 :  0.150 0.603 0.006 0.009 0.090 0.009 0.133 
239 CAGULPR19    (0)   11 :  0.044 0.554 0.006 0.013 0.180 0.016 0.188 
240 CAGULPR20    (0)   11 :  0.312 0.545 0.014 0.008 0.038 0.029 0.054 
241 CAGULPR21    (0)   11 :  0.131 0.302 0.014 0.256 0.044 0.053 0.200 
242 CAGULPR22    (0)   11 :  0.008 0.062 0.006 0.019 0.639 0.016 0.250 
243 CAGULPR23    (0)   11 :  0.014 0.565 0.020 0.042 0.047 0.017 0.296 
244 CAGULPR24    (0)   11 :  0.100 0.271 0.010 0.013 0.460 0.028 0.118 
245 CAGULPR25    (0)   11 :  0.023 0.940 0.008 0.004 0.012 0.004 0.010 
246 CAGULPR26    (0)   11 :  0.005 0.015 0.005 0.077 0.744 0.040 0.114 
247 CAGULPR28    (0)   11 :  0.041 0.642 0.006 0.004 0.054 0.007 0.245 
248 CAGULPR29    (8)   11 :  0.030 0.134 0.008 0.015 0.629 0.023 0.160 
249  CAGUPB1    (0)   12 :  0.452 0.261 0.018 0.044 0.111 0.014 0.100 
250  CAGUPB2    (0)   12 :  0.008 0.017 0.006 0.008 0.244 0.010 0.707 
251  CAGUPB3    (0)   12 :  0.011 0.020 0.055 0.006 0.884 0.006 0.019 
252  CAGUPB4    (0)   12 :  0.011 0.044 0.010 0.011 0.842 0.014 0.068 
253  CAGUPB5    (0)   12 :  0.075 0.152 0.026 0.012 0.210 0.018 0.507 
254  CAGUPB6    (0)   12 :  0.675 0.131 0.043 0.008 0.071 0.008 0.065 
255  CAGUPB7    (0)   12 :  0.025 0.075 0.024 0.010 0.811 0.009 0.047 
256  CAGUPB8    (0)   12 :  0.041 0.275 0.068 0.008 0.296 0.007 0.306 
257  CAGUPB9    (0)   12 :  0.058 0.195 0.015 0.007 0.097 0.038 0.589 
258 CAGUPB10    (0)   12 :  0.008 0.029 0.015 0.014 0.433 0.012 0.488 
259 CAGUPB11    (8)   12 :  0.011 0.027 0.009 0.007 0.854 0.008 0.084 
260 CAGUPB12    (0)   12 :  0.430 0.037 0.010 0.055 0.250 0.067 0.152 
261 CAGUPB13    (0)   12 :  0.019 0.008 0.030 0.025 0.847 0.031 0.040 
262 CAGUPB14    (0)   12 :  0.271 0.098 0.019 0.005 0.266 0.222 0.120 
263 CAGUPB15    (0)   12 :  0.011 0.173 0.007 0.007 0.722 0.012 0.068 
264 CAGUPB16    (0)   12 :  0.008 0.166 0.009 0.012 0.569 0.008 0.228 
265 CAGUPB18    (0)   12 :  0.015 0.166 0.125 0.010 0.356 0.010 0.318 
266 CAGUPB19    (0)   12 :  0.012 0.201 0.014 0.006 0.235 0.012 0.519 
267 CAGUPB20    (0)   12 :  0.043 0.075 0.022 0.013 0.093 0.009 0.744 
268 CAGUPB22    (0)   12 :  0.017 0.106 0.011 0.019 0.529 0.014 0.305 
269 CAGUPB23   (16)   12 :  0.013 0.084 0.009 0.013 0.752 0.027 0.104 
270 CAGUPB24    (0)   12 :  0.064 0.041 0.015 0.023 0.172 0.036 0.649 
271 CAGUPB25    (0)   12 :  0.008 0.033 0.008 0.026 0.830 0.014 0.081 
272 CAGUPB26    (0)   12 :  0.043 0.015 0.008 0.015 0.682 0.179 0.056 
273 CAGUPB27    (0)   12 :  0.015 0.094 0.009 0.009 0.209 0.009 0.655 
274 CAGUPB28    (8)   12 :  0.021 0.068 0.015 0.010 0.773 0.007 0.107 
275 CAGUPB29    (0)   12 :  0.022 0.890 0.027 0.005 0.017 0.008 0.032 
276 CAGUPB30    (0)   12 :  0.019 0.769 0.017 0.005 0.134 0.009 0.048 
277 CAGUPB31    (0)   12 :  0.026 0.078 0.014 0.032 0.656 0.063 0.131 
278 CAGUPB32    (0)   12 :  0.016 0.121 0.018 0.010 0.751 0.011 0.074 
279  CAGUMB1    (0)   13 :  0.149 0.110 0.036 0.061 0.186 0.032 0.427 
280  CAGUMB2    (0)   13 :  0.247 0.281 0.052 0.034 0.093 0.031 0.263 
281  CAGUMB3    (0)   13 :  0.019 0.444 0.017 0.036 0.377 0.036 0.071 
282  CAGUMB4    (0)   13 :  0.011 0.168 0.009 0.011 0.683 0.025 0.093 
283  CAGUMB6    (0)   13 :  0.057 0.159 0.037 0.013 0.225 0.006 0.503 
284  CAGUMB8    (0)   13 :  0.015 0.334 0.331 0.007 0.104 0.008 0.201 
285  CAGUMB9    (0)   13 :  0.025 0.037 0.016 0.008 0.373 0.006 0.535 
286 CAGUMB10    (0)   13 :  0.192 0.065 0.009 0.011 0.320 0.057 0.347 
287 CAGUMB11    (0)   13 :  0.384 0.106 0.022 0.010 0.195 0.016 0.266 
288 CAGUMB12    (0)   13 :  0.269 0.121 0.077 0.016 0.403 0.007 0.107 
289 CAGUMB14    (0)   13 :  0.010 0.015 0.008 0.009 0.861 0.070 0.027 
290 CAGUMB15    (0)   13 :  0.033 0.645 0.008 0.018 0.086 0.009 0.201 
291 CAGUMB16    (0)   13 :  0.012 0.538 0.029 0.009 0.229 0.042 0.140 
292 CAGUMB17    (0)   13 :  0.028 0.248 0.038 0.038 0.276 0.027 0.344 
293 CAGUMB18    (0)   13 :  0.015 0.110 0.008 0.010 0.769 0.009 0.079 
294 CAGUMB19    (0)   13 :  0.017 0.858 0.009 0.008 0.070 0.015 0.024 
295 CAGUMB20    (0)   13 :  0.016 0.022 0.009 0.006 0.789 0.026 0.132 
296 CAGUMB21    (0)   13 :  0.076 0.797 0.006 0.005 0.048 0.009 0.059 
297 CAGUMB22    (0)   13 :  0.010 0.042 0.007 0.004 0.905 0.011 0.021 
298 CAGUMB24    (0)   13 :  0.292 0.022 0.008 0.004 0.476 0.158 0.041 
299 CAGUMB25    (0)   13 :  0.106 0.015 0.012 0.022 0.077 0.152 0.616 
300 CAGUMB26    (0)   13 :  0.268 0.374 0.015 0.018 0.102 0.007 0.216 
301 CAGUMB27    (8)   13 :  0.111 0.261 0.010 0.021 0.285 0.009 0.304 
302 CAGUMB28    (0)   13 :  0.076 0.807 0.010 0.005 0.021 0.006 0.075 
303 CAGUMB29    (0)   13 :  0.045 0.026 0.096 0.007 0.727 0.011 0.088 
304 CAGUMB30    (0)   13 :  0.013 0.013 0.006 0.020 0.691 0.066 0.189 
305 CAGUMB31    (0)   13 :  0.009 0.057 0.020 0.005 0.867 0.011 0.030 
306  CAGUFP1    (8)   14 :  0.008 0.485 0.005 0.167 0.076 0.031 0.227 
307  CAGUFP2    (8)   14 :  0.017 0.475 0.007 0.010 0.093 0.020 0.377 
308  CAGUFP3   (25)   14 :  0.049 0.604 0.008 0.010 0.041 0.011 0.277 
309  CAGUFP4    (8)   14 :  0.023 0.434 0.017 0.076 0.094 0.059 0.296 
310  CAGUFP5    (8)   14 :  0.012 0.866 0.010 0.011 0.027 0.010 0.065 
311  CAGUFP6    (0)   14 :  0.018 0.455 0.012 0.013 0.054 0.020 0.428 
312  CAGUFP7    (0)   14 :  0.100 0.243 0.064 0.029 0.160 0.082 0.323 
313  CAGUFP8   (16)   14 :  0.009 0.010 0.008 0.327 0.588 0.017 0.041 
314  CAGUFP9   (16)   14 :  0.013 0.012 0.008 0.104 0.801 0.025 0.038 
315 CAGUFP10    (0)   14 :  0.015 0.023 0.013 0.056 0.755 0.053 0.086 
316 CAGUFP11    (0)   14 :  0.021 0.048 0.022 0.042 0.772 0.009 0.085 
317 CAGUFP12    (0)   14 :  0.052 0.064 0.022 0.024 0.485 0.046 0.308 
318 CAGUFP14    (0)   14 :  0.021 0.407 0.009 0.091 0.251 0.019 0.202 
319 CAGUFP15    (0)   14 :  0.025 0.228 0.012 0.005 0.042 0.009 0.679 
320 CAGUFP16    (0)   14 :  0.033 0.146 0.023 0.046 0.042 0.424 0.286 
321 CAGUFP17    (0)   14 :  0.046 0.057 0.044 0.028 0.691 0.008 0.125 
322 CAGUFP18    (0)   14 :  0.047 0.026 0.011 0.050 0.080 0.012 0.774 
323 CAGUFP19    (0)   14 :  0.078 0.047 0.017 0.047 0.066 0.013 0.732 
324 CAGUFP20   (25)   14 :  0.022 0.695 0.013 0.007 0.130 0.008 0.126 
325 CAGUFP21    (0)   14 :  0.012 0.101 0.010 0.005 0.758 0.014 0.101 
326 CAGUFP22    (8)   14 :  0.125 0.046 0.012 0.037 0.049 0.016 0.715 
327 CAGUFP23    (0)   14 :  0.115 0.157 0.020 0.007 0.221 0.013 0.466 
328 CAGUFP24    (0)   14 :  0.047 0.054 0.030 0.012 0.666 0.009 0.182 
329 CAGUFP25    (0)   14 :  0.109 0.646 0.009 0.008 0.104 0.023 0.101 
330 CAGUFP27    (0)   14 :  0.009 0.034 0.006 0.035 0.829 0.023 0.064 
331 CAGUFP28   (16)   14 :  0.083 0.538 0.113 0.005 0.148 0.009 0.104 
332 CAGUFP29    (0)   14 :  0.043 0.662 0.018 0.012 0.045 0.061 0.158 
333 CAGUFP30    (0)   14 :  0.017 0.922 0.009 0.005 0.025 0.007 0.015 
334 CAGUFP31    (0)   14 :  0.007 0.506 0.007 0.072 0.202 0.105 0.100 
335 CAGUFP32    (8)   14 :  0.010 0.862 0.011 0.021 0.029 0.017 0.050 
336 CAGUFP33    (8)   14 :  0.024 0.289 0.130 0.006 0.152 0.148 0.250 
337 CAGUFP34    (0)   14 :  0.135 0.466 0.009 0.008 0.215 0.028 0.139 
338 CAGUDIX1    (0)   15 :  0.013 0.343 0.022 0.031 0.272 0.129 0.190 
339 CAGUDIX2    (0)   15 :  0.008 0.240 0.010 0.014 0.434 0.038 0.257 
340 CAGUDIX3    (0)   15 :  0.016 0.035 0.012 0.070 0.449 0.060 0.358 
341 CAGUDIX4    (0)   15 :  0.010 0.056 0.022 0.047 0.082 0.105 0.678 
342 CAGUDIX5    (0)   15 :  0.010 0.039 0.008 0.008 0.726 0.171 0.037 
343 CAGUDIX6    (0)   15 :  0.009 0.013 0.008 0.013 0.882 0.018 0.057 
344 CAGUDIX7    (0)   15 :  0.031 0.118 0.013 0.008 0.537 0.008 0.283 
345 CAGUDIX8    (0)   15 :  0.011 0.011 0.005 0.012 0.276 0.039 0.646 
346 CAGUDIX9    (0)   15 :  0.019 0.241 0.017 0.011 0.122 0.008 0.581 
347 CAGUDIX10    (0)   15 :  0.017 0.437 0.060 0.005 0.130 0.009 0.342 
348 CAGUDIX11    (8)   15 :  0.012 0.172 0.012 0.025 0.080 0.013 0.686 
349 CAGUDIX12    (0)   15 :  0.019 0.823 0.012 0.012 0.058 0.029 0.047 
350 CAGUDIX13    (0)   15 :  0.022 0.517 0.109 0.023 0.039 0.085 0.205 
351 CAGUDIX14    (8)   15 :  0.016 0.459 0.005 0.008 0.040 0.426 0.046 
352 CAGUDIX15   (25)   15 :  0.032 0.255 0.008 0.010 0.482 0.010 0.201 
353 CAGUDIX16    (0)   15 :  0.071 0.571 0.014 0.007 0.084 0.033 0.219 
354 CAGUDIX17    (0)   15 :  0.008 0.028 0.005 0.011 0.890 0.015 0.043 
355 CAGUDIX18    (0)   15 :  0.019 0.121 0.013 0.033 0.615 0.040 0.159 
356 CAGUDIX19    (0)   15 :  0.296 0.047 0.012 0.006 0.606 0.007 0.026 
357 CAGUDIX20    (0)   15 :  0.015 0.227 0.005 0.017 0.372 0.137 0.227 
358 CAGUDIX21   (16)   15 :  0.012 0.116 0.010 0.010 0.543 0.015 0.294 
359 CAGUDIX22    (0)   15 :  0.029 0.195 0.006 0.033 0.222 0.017 0.498 
360 CAGUDIX23    (0)   15 :  0.010 0.576 0.009 0.014 0.102 0.173 0.116 
361 CAGUDIX24    (0)   15 :  0.021 0.199 0.021 0.005 0.542 0.009 0.204 
362 CAGUDIX25    (0)   15 :  0.050 0.056 0.012 0.014 0.149 0.421 0.298 
363 CAGUDIX26    (0)   15 :  0.009 0.026 0.053 0.040 0.616 0.028 0.228 
364 CAGUDIX27    (0)   15 :  0.010 0.045 0.011 0.025 0.076 0.224 0.609 
365 CAGUDIX28    (0)   15 :  0.062 0.045 0.008 0.008 0.293 0.014 0.570 
366 CAGUDIX29    (0)   15 :  0.012 0.053 0.010 0.007 0.867 0.016 0.035 
367 CAGUDIX30    (8)   15 :  0.521 0.040 0.013 0.010 0.283 0.020 0.112 
368 CAGUDIX31    (8)   15 :  0.180 0.043 0.012 0.006 0.550 0.152 0.056 
369 CAGUDIX32    (0)   15 :  0.009 0.028 0.006 0.045 0.779 0.062 0.071 
370 CAGUCR1151    (0)   16 :  0.038 0.021 0.116 0.234 0.220 0.086 0.286 
371 CAGUCR1152   (16)   16 :  0.010 0.010 0.015 0.259 0.038 0.103 0.566 
372  CAGUSL1    (8)   17 :  0.046 0.068 0.052 0.714 0.029 0.017 0.075 
373  CAGUSL2    (0)   17 :  0.011 0.036 0.010 0.073 0.218 0.022 0.631 
374  CAGUSL3    (0)   17 :  0.122 0.023 0.036 0.413 0.032 0.018 0.354 
375  CAGUSL4    (0)   17 :  0.010 0.040 0.008 0.682 0.047 0.161 0.053 
376  CAGUSL5    (0)   17 :  0.027 0.146 0.006 0.553 0.096 0.059 0.114 
377  CAGUSL6    (0)   17 :  0.053 0.061 0.021 0.445 0.263 0.042 0.115 
378  CAGUSL7    (0)   17 :  0.080 0.155 0.037 0.103 0.048 0.070 0.506 
379  CAGUSL8    (0)   17 :  0.030 0.035 0.044 0.296 0.059 0.144 0.391 
380  CAGUSL9   (25)   17 :  0.017 0.071 0.012 0.032 0.774 0.017 0.077 
381 CAGUSL10    (8)   17 :  0.056 0.202 0.011 0.472 0.022 0.021 0.217 
382 CAGUSL11   (16)   17 :  0.016 0.046 0.009 0.595 0.046 0.160 0.128 
383 CAGUSL12    (0)   17 :  0.048 0.180 0.023 0.427 0.052 0.016 0.254 
384 CAGUSL13    (0)   17 :  0.100 0.070 0.017 0.667 0.048 0.018 0.080 
385 CAGUSL14    (0)   17 :  0.036 0.086 0.008 0.061 0.073 0.022 0.715 
386 CAGUSL15    (8)   17 :  0.029 0.065 0.031 0.368 0.052 0.035 0.421 
387 CAGUSL16    (0)   17 :  0.019 0.290 0.038 0.126 0.088 0.026 0.412 
388 CAGUSL17    (8)   17 :  0.005 0.011 0.008 0.014 0.012 0.936 0.014 
389 CAGUSL18    (0)   17 :  0.130 0.077 0.066 0.572 0.066 0.025 0.065 
390 CAGUSL19    (0)   17 :  0.032 0.143 0.091 0.080 0.352 0.086 0.216 
391 CAGUSL20    (8)   17 :  0.022 0.062 0.016 0.746 0.041 0.049 0.063 
392 CAGUSL21    (0)   17 :  0.036 0.140 0.022 0.600 0.060 0.034 0.107 
393 CAGUSL22    (0)   17 :  0.034 0.252 0.031 0.366 0.112 0.031 0.174 
394 CAGUSL23    (8)   17 :  0.012 0.031 0.012 0.650 0.203 0.024 0.067 
395 CAGUSL24    (0)   17 :  0.131 0.129 0.007 0.054 0.048 0.048 0.583 
396 CAGUSL25    (8)   17 :  0.063 0.274 0.039 0.030 0.119 0.074 0.401 
397 CAGUSL26    (8)   17 :  0.016 0.057 0.009 0.028 0.468 0.024 0.399 
398 CAGUSL27    (0)   17 :  0.020 0.021 0.011 0.904 0.019 0.009 0.017 
399 CAGUSL28    (0)   17 :  0.094 0.078 0.011 0.398 0.197 0.094 0.128 
400 CAGUSL29    (0)   17 :  0.012 0.096 0.010 0.009 0.688 0.027 0.157 
401 CAGUSL30    (0)   17 :  0.013 0.065 0.021 0.551 0.146 0.024 0.180 
402 CAGUSL31    (0)   17 :  0.021 0.032 0.010 0.473 0.271 0.015 0.177 
403 CAGUSL32    (8)   17 :  0.006 0.015 0.008 0.028 0.728 0.042 0.174 
404  CAGUSR1    (0)   18 :  0.045 0.032 0.111 0.730 0.034 0.011 0.037 
405  CAGUSR2    (8)   18 :  0.109 0.035 0.029 0.726 0.029 0.031 0.041 
406  CAGUSR3    (8)   18 :  0.010 0.009 0.007 0.935 0.009 0.019 0.012 
407  CAGUSR4    (8)   18 :  0.022 0.062 0.039 0.712 0.063 0.039 0.063 
408  CAGUSR5    (0)   18 :  0.009 0.051 0.018 0.819 0.049 0.010 0.043 
409  CAGUSR6    (0)   18 :  0.040 0.217 0.017 0.064 0.366 0.058 0.237 
410  CAGUSR7    (0)   18 :  0.102 0.010 0.025 0.709 0.091 0.040 0.021 
411  CAGUSR8    (8)   18 :  0.006 0.055 0.006 0.686 0.099 0.085 0.063 
412  CAGUSR9    (8)   18 :  0.010 0.006 0.003 0.965 0.005 0.005 0.006 
413 CAGUSR10    (8)   18 :  0.008 0.008 0.019 0.925 0.011 0.017 0.013 
414 CAGUSR11    (0)   18 :  0.038 0.012 0.011 0.566 0.145 0.033 0.194 
415 CAGUSR12    (8)   18 :  0.005 0.011 0.055 0.762 0.036 0.027 0.103 
416 CAGUSR13   (16)   18 :  0.032 0.014 0.012 0.820 0.045 0.047 0.030 
417 CAGUSR14    (0)   18 :  0.042 0.086 0.037 0.652 0.083 0.056 0.044 
418 CAGUSR15    (8)   18 :  0.018 0.037 0.026 0.442 0.105 0.187 0.186 
419 CAGUSR16    (8)   18 :  0.026 0.100 0.080 0.193 0.167 0.193 0.241 
420 CAGUSR17    (0)   18 :  0.031 0.043 0.011 0.859 0.018 0.014 0.024 
421 CAGUSR18    (0)   18 :  0.017 0.051 0.113 0.316 0.160 0.150 0.194 
422 CAGUSR19    (8)   18 :  0.059 0.015 0.006 0.668 0.105 0.098 0.049 
423 CAGUSR20    (0)   18 :  0.058 0.013 0.037 0.693 0.146 0.014 0.039 
424 CAGUSR21    (0)   18 :  0.194 0.025 0.043 0.658 0.028 0.029 0.022 
425 CAGUSR22    (0)   18 :  0.011 0.018 0.072 0.856 0.017 0.013 0.014 
426 CAGUSR23    (0)   18 :  0.030 0.053 0.032 0.039 0.286 0.076 0.484 
427 CAGUSR24    (0)   18 :  0.114 0.076 0.034 0.097 0.464 0.036 0.179 
428 CAGUSR25    (8)   18 :  0.021 0.079 0.022 0.411 0.030 0.021 0.416 
429 CAGUSR26    (0)   18 :  0.042 0.009 0.005 0.323 0.019 0.258 0.344 
430 CAGUSR27    (0)   18 :  0.049 0.026 0.006 0.680 0.015 0.014 0.210 
431 CAGUSR28    (0)   18 :  0.010 0.015 0.014 0.926 0.013 0.008 0.013 
432 CAGUSR29    (0)   18 :  0.005 0.008 0.015 0.400 0.133 0.055 0.385 
433 CAGUSR30    (8)   18 :  0.007 0.015 0.048 0.129 0.100 0.639 0.063 
434 CAGUSR31    (0)   18 :  0.103 0.032 0.012 0.701 0.032 0.079 0.040 
435 CAGUSR32    (0)   18 :  0.005 0.007 0.009 0.943 0.010 0.014 0.013 
436 CAGUDCR1    (0)   19 :  0.006 0.009 0.011 0.944 0.007 0.010 0.013 
437 CAGUDCR2    (8)   19 :  0.019 0.037 0.018 0.523 0.117 0.132 0.156 
438 CAGUDCR3    (0)   19 :  0.015 0.031 0.026 0.861 0.022 0.020 0.024 
439 CAGUDCR4    (0)   19 :  0.005 0.005 0.004 0.970 0.005 0.005 0.006 
440 CAGUDCR5    (8)   19 :  0.009 0.011 0.009 0.945 0.010 0.007 0.009 
441 CAGUDCR6    (0)   19 :  0.004 0.005 0.004 0.962 0.008 0.010 0.007 
442 CAGUDCR7    (0)   19 :  0.005 0.007 0.004 0.951 0.006 0.018 0.009 
443 CAGUDCR8    (0)   19 :  0.070 0.025 0.018 0.785 0.024 0.043 0.035 
444 CAGUDCR9   (16)   19 :  0.004 0.005 0.004 0.968 0.005 0.008 0.006 
445 CAGUDCR10    (0)   19 :  0.005 0.006 0.176 0.799 0.005 0.005 0.006 
446 CAGUDCR11    (0)   19 :  0.010 0.025 0.017 0.893 0.025 0.012 0.017 
447 CAGUDCR12    (0)   19 :  0.006 0.009 0.005 0.856 0.012 0.099 0.013 
448 CAGUDCR13    (0)   19 :  0.019 0.013 0.011 0.888 0.011 0.045 0.014 
449 CAGUDCR15    (0)   19 :  0.006 0.006 0.005 0.963 0.005 0.006 0.007 
450 CAGUDCR16    (0)   19 :  0.010 0.010 0.033 0.774 0.010 0.151 0.012 
451 CAGUDCR17    (0)   19 :  0.004 0.005 0.006 0.954 0.017 0.007 0.007 
452 CAGUDCR18    (0)   19 :  0.006 0.012 0.006 0.891 0.030 0.032 0.023 
453 CAGUDCR19    (0)   19 :  0.030 0.037 0.012 0.720 0.120 0.010 0.071 
454 CAGUDCR20    (0)   19 :  0.004 0.006 0.006 0.955 0.010 0.011 0.008 
455 CAGUDCR21    (8)   19 :  0.008 0.021 0.020 0.878 0.015 0.044 0.013 
456 CAGUDCR22   (16)   19 :  0.012 0.016 0.007 0.908 0.026 0.010 0.020 
457 CAGUDCR23    (8)   19 :  0.008 0.008 0.004 0.952 0.007 0.011 0.009 
458 CAGUDCR24    (0)   19 :  0.004 0.006 0.005 0.968 0.005 0.006 0.006 
459 CAGUDCR25    (0)   19 :  0.008 0.005 0.003 0.966 0.005 0.007 0.006 
460 CAGUDCR26    (8)   19 :  0.013 0.019 0.032 0.903 0.013 0.007 0.013 
461 CAGUDCR27    (8)   19 :  0.007 0.019 0.011 0.725 0.018 0.011 0.209 
462 CAGUDCR28    (8)   19 :  0.005 0.007 0.005 0.962 0.007 0.007 0.007 
463 CAGUDCR29    (0)   19 :  0.007 0.007 0.007 0.961 0.006 0.005 0.007 
464 CAGUDCR30    (0)   19 :  0.004 0.005 0.003 0.961 0.005 0.016 0.006 
465 CAGUDCR31    (0)   19 :  0.004 0.004 0.004 0.975 0.004 0.005 0.004 
466 CAGUDCR32   (16)   19 :  0.004 0.005 0.004 0.964 0.006 0.011 0.007 
467 CAGUSCR1    (8)   20 :  0.006 0.014 0.004 0.877 0.035 0.037 0.027 
468 CAGUSCR2    (8)   20 :  0.013 0.014 0.014 0.827 0.008 0.110 0.013 
469 CAGUSCR3    (0)   20 :  0.004 0.006 0.005 0.968 0.005 0.006 0.006 
470 CAGUSCR4    (8)   20 :  0.008 0.013 0.005 0.825 0.106 0.014 0.029 
471 CAGUSCR5    (0)   20 :  0.311 0.010 0.006 0.529 0.013 0.084 0.048 
472 CAGUSCR6    (0)   20 :  0.019 0.007 0.004 0.943 0.008 0.010 0.009 
473 CAGUSCR7    (8)   20 :  0.019 0.008 0.012 0.892 0.012 0.044 0.014 
474 CAGUSCR8   (25)   20 :  0.009 0.011 0.012 0.668 0.012 0.264 0.024 
475 CAGUSCR9    (8)   20 :  0.008 0.004 0.004 0.968 0.004 0.007 0.005 
476 CAGUSCR10    (8)   20 :  0.003 0.004 0.005 0.973 0.005 0.006 0.005 
477 CAGUSCR11   (25)   20 :  0.012 0.027 0.028 0.695 0.022 0.123 0.093 
478 CAGUSCR12    (0)   20 :  0.008 0.037 0.009 0.699 0.086 0.111 0.051 
479 CAGUSCR13    (0)   20 :  0.010 0.012 0.005 0.869 0.020 0.060 0.023 
480 CAGUSCR14    (0)   20 :  0.003 0.004 0.005 0.964 0.006 0.011 0.007 
481 CAGUSCR15    (0)   20 :  0.015 0.050 0.010 0.205 0.071 0.553 0.096 
482 CAGUSCR16    (0)   20 :  0.008 0.007 0.011 0.948 0.007 0.008 0.011 
483 CAGUSCR17    (8)   20 :  0.005 0.005 0.005 0.957 0.007 0.013 0.008 
484 CAGUSCR18    (0)   20 :  0.003 0.004 0.004 0.971 0.005 0.007 0.005 
485 CAGUSCR19   (25)   20 :  0.036 0.012 0.009 0.148 0.014 0.748 0.033 
486 CAGUSCR20   (25)   20 :  0.005 0.008 0.012 0.940 0.012 0.013 0.009 
487 CAGUSCR21    (0)   20 :  0.191 0.015 0.026 0.186 0.021 0.540 0.020 
488 CAGUSCR22   (16)   20 :  0.051 0.009 0.013 0.889 0.008 0.018 0.012 
489 CAGUSCR23    (0)   20 :  0.004 0.008 0.006 0.953 0.008 0.010 0.011 
490 CAGUSCR24    (8)   20 :  0.006 0.007 0.006 0.957 0.007 0.008 0.008 
491 CAGUSCR25   (16)   20 :  0.006 0.006 0.007 0.948 0.007 0.017 0.010 
492 CAGUSCR26    (8)   20 :  0.017 0.008 0.005 0.930 0.012 0.016 0.012 
493 CAGUSCR27    (8)   20 :  0.066 0.017 0.045 0.807 0.013 0.025 0.027 
494 CAGUSCR28    (0)   20 :  0.004 0.005 0.006 0.967 0.005 0.006 0.006 
495 CAGUSCR29    (8)   20 :  0.004 0.007 0.006 0.937 0.018 0.011 0.017 
496 CAGUSCR30   (16)   20 :  0.005 0.004 0.004 0.969 0.006 0.007 0.006 
497  CAGURC2    (8)   21 :  0.037 0.043 0.155 0.581 0.069 0.019 0.096 
498  CAGURC3    (8)   21 :  0.009 0.008 0.017 0.398 0.062 0.434 0.072 
499  CAGURC4    (0)   21 :  0.258 0.014 0.024 0.526 0.060 0.098 0.019 
500  CAGURC6    (0)   21 :  0.014 0.016 0.006 0.188 0.012 0.741 0.023 
501  CAGURC7    (0)   21 :  0.012 0.008 0.102 0.040 0.013 0.811 0.014 
502 CAGURC10    (0)   21 :  0.086 0.034 0.021 0.237 0.026 0.486 0.110 
503 CAGURC11    (0)   21 :  0.030 0.018 0.117 0.008 0.170 0.057 0.600 
504 CAGURC13   (25)   21 :  0.023 0.014 0.008 0.029 0.010 0.900 0.015 
505 CAGURC19    (0)   21 :  0.005 0.012 0.013 0.036 0.271 0.584 0.079 
506 CAGURC20    (8)   21 :  0.022 0.050 0.080 0.547 0.208 0.017 0.076 
