

----------------------------------------------------
STRUCTURE by Pritchard, Stephens and Donnelly (2000)
     and Falush, Stephens and Pritchard (2003)
       Code by Pritchard, Falush and Hubisz
             Version 2.3.4 (Jul 2012)
----------------------------------------------------



Command line arguments:   bin/structure -m "/Users/Calochortus/Desktop/CAGU_Struct_NoBJ/CAGU_NoBJ/100/mainparams" -e "/Users/Calochortus/Desktop/CAGU_Struct_NoBJ/CAGU_NoBJ/100/extraparams" 
Input File:    /Users/Calochortus/Desktop/CAGU_Struct_NoBJ/CAGU_NoBJ/project_data

Run parameters:
   604 individuals
   12 loci
   7 populations assumed
   100000 Burn-in period
   100000 Reps


--------------------------------------------
Proportion of membership of each pre-defined
 population in each of the 7 clusters

Given    Inferred Clusters                                   Number of
 Pop       1      2      3      4      5      6      7      Individuals

  1:     0.016  0.917  0.015  0.016  0.007  0.016  0.014       32
  2:     0.035  0.025  0.033  0.047  0.014  0.835  0.012       31
  3:     0.107  0.060  0.084  0.049  0.023  0.656  0.023       33
  4:     0.042  0.018  0.035  0.049  0.007  0.837  0.012       28
  5:     0.070  0.111  0.072  0.092  0.023  0.618  0.014       24
  6:     0.071  0.046  0.050  0.031  0.034  0.694  0.074       11
  7:     0.125  0.083  0.113  0.559  0.019  0.081  0.019       28
  8:     0.120  0.196  0.148  0.402  0.015  0.087  0.031       20
 10:     0.286  0.011  0.237  0.397  0.017  0.027  0.025       13
 11:     0.203  0.039  0.226  0.353  0.044  0.105  0.030       28
 12:     0.354  0.023  0.357  0.136  0.015  0.083  0.031       30
 13:     0.276  0.035  0.301  0.245  0.017  0.094  0.033       27
 14:     0.260  0.024  0.259  0.325  0.045  0.043  0.044       32
 15:     0.315  0.018  0.344  0.173  0.020  0.050  0.080       32
 16:     0.289  0.073  0.225  0.019  0.284  0.026  0.085        2
 17:     0.194  0.024  0.193  0.098  0.372  0.044  0.074       32
 18:     0.100  0.032  0.098  0.039  0.613  0.042  0.075       32
 19:     0.021  0.016  0.021  0.013  0.892  0.011  0.027       31
 20:     0.018  0.010  0.019  0.012  0.814  0.030  0.095       30
 21:     0.099  0.062  0.104  0.025  0.232  0.059  0.419       13
 22:     0.060  0.021  0.065  0.022  0.108  0.037  0.687       31
 23:     0.057  0.035  0.064  0.030  0.140  0.025  0.650       30
 24:     0.093  0.025  0.078  0.053  0.021  0.026  0.703       34
--------------------------------------------

Allele-freq. divergence among pops (Net nucleotide distance),
computed using point estimates of P.

      1       2       3       4       5       6       7      
 1      -    0.1424  0.0021  0.0274  0.1853  0.1007  0.0975  
 2   0.1424     -    0.1482  0.1629  0.3367  0.1561  0.2332  
 3   0.0021  0.1482     -    0.0307  0.1846  0.1120  0.0960  
 4   0.0274  0.1629  0.0307     -    0.2585  0.1067  0.1642  
 5   0.1853  0.3367  0.1846  0.2585     -    0.3518  0.1117  
 6   0.1007  0.1561  0.1120  0.1067  0.3518     -    0.2359  
 7   0.0975  0.2332  0.0960  0.1642  0.1117  0.2359     -    

Average distances (expected heterozygosity) between individuals in same cluster:
cluster  1  : 0.5837 
cluster  2  : 0.3410 
cluster  3  : 0.5800 
cluster  4  : 0.4648 
cluster  5  : 0.4295 
cluster  6  : 0.3645 
cluster  7  : 0.6314 

--------------------------------------------
Estimated Ln Prob of Data   = -14036.4
Mean value of ln likelihood = -13442.4
Variance of ln likelihood   = 1188.1
Mean value of alpha         = 0.0580

Mean value of Fst_1         = 0.0862
Mean value of Fst_2         = 0.4900
Mean value of Fst_3         = 0.0902
Mean value of Fst_4         = 0.1962
Mean value of Fst_5         = 0.3241
Mean value of Fst_6         = 0.4321
Mean value of Fst_7         = 0.1262


Inferred ancestry of individuals:
        Label (%Miss) Pop:  Inferred clusters
  1 CAGUABR1    (8)    1 :  0.008 0.947 0.008 0.010 0.007 0.016 0.006 
  2 CAGUABR2    (0)    1 :  0.089 0.722 0.090 0.050 0.012 0.020 0.017 
  3 CAGUABR3    (8)    1 :  0.007 0.959 0.006 0.009 0.006 0.009 0.005 
  4 CAGUABR4    (8)    1 :  0.007 0.960 0.007 0.008 0.005 0.009 0.005 
  5 CAGUABR5    (8)    1 :  0.014 0.921 0.012 0.014 0.009 0.022 0.007 
  6 CAGUABR6    (8)    1 :  0.014 0.926 0.013 0.018 0.007 0.015 0.007 
  7 CAGUABR7    (0)    1 :  0.005 0.970 0.005 0.005 0.003 0.009 0.003 
  8 CAGUABR8    (0)    1 :  0.015 0.930 0.015 0.016 0.008 0.007 0.009 
  9 CAGUABR9    (0)    1 :  0.008 0.954 0.009 0.007 0.009 0.008 0.005 
 10 CAGUABR10    (0)    1 :  0.017 0.903 0.018 0.023 0.006 0.025 0.007 
 11 CAGUABR11    (8)    1 :  0.009 0.943 0.009 0.011 0.005 0.018 0.005 
 12 CAGUABR12    (8)    1 :  0.056 0.753 0.040 0.040 0.018 0.059 0.033 
 13 CAGUABR13    (0)    1 :  0.007 0.944 0.007 0.012 0.005 0.021 0.004 
 14 CAGUABR14    (8)    1 :  0.017 0.893 0.016 0.016 0.014 0.034 0.009 
 15 CAGUABR15    (8)    1 :  0.006 0.961 0.006 0.007 0.007 0.008 0.006 
 16 CAGUABR16   (16)    1 :  0.013 0.761 0.013 0.011 0.007 0.012 0.182 
 17 CAGUABR17    (0)    1 :  0.018 0.902 0.023 0.013 0.008 0.031 0.005 
 18 CAGUABR18    (8)    1 :  0.009 0.929 0.008 0.009 0.005 0.035 0.005 
 19 CAGUABR19    (8)    1 :  0.014 0.947 0.013 0.009 0.004 0.008 0.005 
 20 CAGUABR20    (0)    1 :  0.006 0.965 0.006 0.006 0.005 0.007 0.005 
 21 CAGUABR21    (0)    1 :  0.011 0.904 0.011 0.034 0.006 0.028 0.006 
 22 CAGUABR22    (8)    1 :  0.007 0.957 0.007 0.008 0.005 0.009 0.006 
 23 CAGUABR23    (8)    1 :  0.009 0.935 0.010 0.007 0.015 0.013 0.012 
 24 CAGUABR24    (8)    1 :  0.037 0.857 0.038 0.028 0.014 0.014 0.012 
 25 CAGUABR25    (8)    1 :  0.005 0.969 0.005 0.005 0.004 0.008 0.004 
 26 CAGUABR26    (8)    1 :  0.006 0.966 0.006 0.006 0.004 0.006 0.005 
 27 CAGUABR27    (8)    1 :  0.017 0.871 0.019 0.055 0.005 0.013 0.020 
 28 CAGUABR28    (0)    1 :  0.005 0.969 0.005 0.006 0.003 0.008 0.003 
 29 CAGUABR29    (0)    1 :  0.007 0.961 0.007 0.007 0.005 0.009 0.005 
 30 CAGUABR30    (8)    1 :  0.031 0.890 0.025 0.034 0.005 0.010 0.005 
 31 CAGUABR31    (0)    1 :  0.006 0.966 0.006 0.006 0.004 0.006 0.005 
 32 CAGUABR32    (8)    1 :  0.022 0.896 0.019 0.013 0.009 0.007 0.034 
 33  CAGUAD1    (0)    2 :  0.030 0.056 0.026 0.029 0.022 0.813 0.024 
 34  CAGUAD2    (0)    2 :  0.073 0.030 0.063 0.270 0.008 0.547 0.009 
 35  CAGUAD3    (0)    2 :  0.087 0.024 0.098 0.096 0.010 0.676 0.009 
 36  CAGUAD4   (25)    2 :  0.008 0.065 0.009 0.015 0.004 0.892 0.006 
 37  CAGUAD5    (8)    2 :  0.025 0.045 0.026 0.014 0.004 0.878 0.008 
 38  CAGUAD6    (0)    2 :  0.013 0.010 0.012 0.038 0.005 0.918 0.005 
 39  CAGUAD7    (0)    2 :  0.006 0.008 0.006 0.009 0.004 0.964 0.004 
 40  CAGUAD8    (8)    2 :  0.007 0.013 0.006 0.012 0.004 0.953 0.004 
 41  CAGUAD9    (0)    2 :  0.013 0.012 0.014 0.014 0.008 0.931 0.008 
 42 CAGUAD10   (25)    2 :  0.019 0.017 0.018 0.037 0.006 0.897 0.006 
 43 CAGUAD11    (0)    2 :  0.011 0.008 0.011 0.015 0.005 0.943 0.006 
 44 CAGUAD12    (0)    2 :  0.026 0.155 0.023 0.040 0.009 0.739 0.008 
 45 CAGUAD13    (0)    2 :  0.013 0.087 0.013 0.011 0.007 0.860 0.009 
 46 CAGUAD14    (0)    2 :  0.011 0.013 0.010 0.018 0.005 0.939 0.005 
 47 CAGUAD15    (0)    2 :  0.011 0.007 0.010 0.015 0.005 0.947 0.006 
 48 CAGUAD16    (0)    2 :  0.005 0.008 0.006 0.007 0.003 0.967 0.004 
 49 CAGUAD17    (0)    2 :  0.021 0.005 0.019 0.037 0.007 0.903 0.008 
 50 CAGUAD18    (0)    2 :  0.135 0.020 0.175 0.038 0.015 0.591 0.025 
 51 CAGUAD19    (0)    2 :  0.102 0.030 0.105 0.092 0.006 0.651 0.015 
 52 CAGUAD20    (0)    2 :  0.020 0.023 0.021 0.101 0.005 0.823 0.006 
 53 CAGUAD21    (0)    2 :  0.030 0.015 0.037 0.019 0.034 0.831 0.034 
 54 CAGUAD22    (0)    2 :  0.010 0.010 0.009 0.009 0.009 0.942 0.010 
 55 CAGUAD23    (0)    2 :  0.010 0.011 0.008 0.011 0.007 0.946 0.006 
 56 CAGUAD24    (0)    2 :  0.015 0.007 0.013 0.010 0.067 0.873 0.014 
 57 CAGUAD25    (0)    2 :  0.211 0.009 0.124 0.040 0.006 0.593 0.018 
 58 CAGUAD26   (16)    2 :  0.012 0.009 0.010 0.014 0.005 0.945 0.006 
 59 CAGUAD27    (0)    2 :  0.037 0.007 0.050 0.025 0.088 0.751 0.042 
 60 CAGUAD28    (0)    2 :  0.018 0.028 0.015 0.059 0.006 0.856 0.018 
 61 CAGUAD29    (0)    2 :  0.039 0.006 0.037 0.246 0.044 0.612 0.016 
 62 CAGUAD30    (0)    2 :  0.027 0.019 0.027 0.094 0.009 0.812 0.013 
 63 CAGUAD32    (0)    2 :  0.027 0.007 0.025 0.036 0.005 0.890 0.011 
 64  CAGUBH1    (0)    3 :  0.059 0.015 0.039 0.056 0.020 0.799 0.013 
 65  CAGUBH2    (0)    3 :  0.009 0.007 0.008 0.013 0.005 0.952 0.005 
 66  CAGUBH3   (25)    3 :  0.050 0.018 0.033 0.048 0.013 0.826 0.012 
 67  CAGUBH4    (0)    3 :  0.009 0.038 0.008 0.009 0.009 0.920 0.007 
 68  CAGUBH5    (0)    3 :  0.026 0.010 0.014 0.041 0.006 0.898 0.006 
 69  CAGUBH6    (0)    3 :  0.007 0.013 0.007 0.010 0.005 0.953 0.005 
 70  CAGUBH7    (0)    3 :  0.026 0.018 0.020 0.024 0.018 0.872 0.022 
 71  CAGUBH8   (25)    3 :  0.078 0.009 0.045 0.023 0.021 0.803 0.022 
 72  CAGUBH9    (8)    3 :  0.024 0.010 0.013 0.029 0.007 0.911 0.006 
 73 CAGUBH10    (0)    3 :  0.025 0.017 0.022 0.024 0.017 0.873 0.023 
 74 CAGUBH11    (8)    3 :  0.029 0.012 0.024 0.011 0.025 0.882 0.016 
 75 CAGUBH12   (25)    3 :  0.016 0.012 0.012 0.017 0.013 0.919 0.011 
 76 CAGUBH13   (33)    3 :  0.053 0.184 0.068 0.045 0.010 0.623 0.017 
 77 CAGUBH14   (16)    3 :  0.346 0.013 0.515 0.025 0.018 0.072 0.011 
 78 CAGUBH15    (0)    3 :  0.018 0.005 0.012 0.051 0.005 0.903 0.005 
 79 CAGUBH16    (0)    3 :  0.017 0.016 0.017 0.127 0.005 0.812 0.007 
 80 CAGUBH18    (8)    3 :  0.143 0.220 0.090 0.030 0.068 0.420 0.030 
 81 CAGUBH19    (8)    3 :  0.092 0.008 0.034 0.093 0.037 0.726 0.011 
 82 CAGUBH20    (8)    3 :  0.463 0.016 0.303 0.051 0.011 0.143 0.012 
 83 CAGUBH21    (8)    3 :  0.017 0.328 0.013 0.019 0.024 0.590 0.008 
 84 CAGUBH22    (0)    3 :  0.158 0.254 0.181 0.062 0.008 0.296 0.041 
 85 CAGUBH23    (0)    3 :  0.040 0.008 0.036 0.079 0.006 0.820 0.011 
 86 CAGUBH25   (25)    3 :  0.061 0.012 0.043 0.029 0.072 0.710 0.074 
 87 CAGUBH26    (0)    3 :  0.301 0.047 0.228 0.079 0.066 0.255 0.024 
 88 CAGUBH27    (0)    3 :  0.020 0.010 0.012 0.016 0.012 0.924 0.007 
 89 CAGUBH28   (25)    3 :  0.510 0.011 0.338 0.046 0.066 0.021 0.008 
 90 CAGUBH29    (0)    3 :  0.162 0.008 0.089 0.080 0.034 0.380 0.247 
 91 CAGUBH30    (0)    3 :  0.064 0.016 0.059 0.191 0.010 0.651 0.010 
 92 CAGUBH31    (0)    3 :  0.012 0.010 0.011 0.009 0.007 0.943 0.008 
 93 CAGUBH32    (0)    3 :  0.151 0.049 0.097 0.021 0.011 0.659 0.011 
 94 CAGUBH34    (0)    3 :  0.132 0.008 0.095 0.070 0.033 0.641 0.021 
 95 CAGUBH36   (33)    3 :  0.106 0.562 0.110 0.052 0.018 0.142 0.010 
 96 CAGUBH37    (8)    3 :  0.296 0.013 0.164 0.141 0.062 0.299 0.025 
 97 CAGUMSR1    (0)    4 :  0.013 0.007 0.013 0.019 0.007 0.935 0.006 
 98 CAGUMSR2    (0)    4 :  0.039 0.010 0.057 0.016 0.004 0.865 0.008 
 99 CAGUMSR3    (0)    4 :  0.020 0.006 0.020 0.014 0.004 0.932 0.005 
100 CAGUMSR4    (0)    4 :  0.007 0.010 0.007 0.013 0.004 0.955 0.004 
101 CAGUMSR5    (0)    4 :  0.010 0.010 0.008 0.011 0.009 0.946 0.006 
102 CAGUMSR6    (0)    4 :  0.019 0.021 0.019 0.048 0.004 0.883 0.006 
103 CAGUMSR7    (0)    4 :  0.027 0.008 0.030 0.012 0.008 0.902 0.013 
104 CAGUMSR8    (0)    4 :  0.009 0.007 0.008 0.014 0.003 0.955 0.004 
105 CAGUMSR9    (0)    4 :  0.045 0.014 0.041 0.024 0.011 0.857 0.009 
106 CAGUMSR10    (0)    4 :  0.010 0.007 0.010 0.013 0.008 0.947 0.005 
107 CAGUMSR11    (0)    4 :  0.040 0.009 0.028 0.044 0.012 0.860 0.008 
108 CAGUMSR12    (0)    4 :  0.009 0.023 0.010 0.011 0.004 0.937 0.005 
109 CAGUMSR13    (0)    4 :  0.009 0.021 0.008 0.012 0.004 0.943 0.004 
110 CAGUMSR14    (8)    4 :  0.068 0.007 0.060 0.013 0.030 0.696 0.127 
111 CAGUMSR15    (0)    4 :  0.008 0.023 0.007 0.008 0.004 0.946 0.005 
112 CAGUMSR16    (0)    4 :  0.040 0.075 0.033 0.081 0.006 0.749 0.016 
113 CAGUMSR18    (0)    4 :  0.020 0.065 0.022 0.023 0.014 0.851 0.005 
114 CAGUMSR19    (0)    4 :  0.011 0.021 0.010 0.014 0.006 0.931 0.007 
115 CAGUMSR20    (0)    4 :  0.011 0.008 0.012 0.011 0.003 0.950 0.004 
116 CAGUMSR21    (0)    4 :  0.046 0.017 0.034 0.042 0.011 0.839 0.011 
117 CAGUMSR22    (0)    4 :  0.010 0.007 0.010 0.015 0.004 0.948 0.005 
118 CAGUMSR23    (0)    4 :  0.009 0.016 0.009 0.010 0.004 0.946 0.005 
119 CAGUMSR24    (0)    4 :  0.006 0.007 0.007 0.009 0.004 0.964 0.004 
120 CAGUMSR25    (8)    4 :  0.013 0.065 0.013 0.017 0.006 0.879 0.006 
121 CAGUMSR26    (0)    4 :  0.128 0.011 0.117 0.353 0.008 0.359 0.024 
122 CAGUMSR28    (0)    4 :  0.034 0.008 0.049 0.018 0.005 0.881 0.006 
123 CAGUMSR29   (16)    4 :  0.023 0.026 0.021 0.464 0.008 0.447 0.011 
124 CAGUMSR30    (0)    4 :  0.484 0.004 0.323 0.044 0.008 0.126 0.011 
125 CAGURAT6    (0)    5 :  0.014 0.186 0.014 0.011 0.019 0.743 0.013 
126 CAGURAT8   (16)    5 :  0.052 0.037 0.047 0.205 0.010 0.635 0.016 
127 CAGURAT10    (8)    5 :  0.014 0.014 0.012 0.028 0.005 0.921 0.005 
128 CAGURAT11    (0)    5 :  0.071 0.045 0.057 0.142 0.027 0.631 0.027 
129 CAGURAT12   (25)    5 :  0.085 0.317 0.073 0.215 0.079 0.218 0.013 
130 CAGURAT14   (25)    5 :  0.317 0.037 0.484 0.032 0.014 0.078 0.038 
131 CAGURAT15   (25)    5 :  0.026 0.063 0.024 0.022 0.040 0.816 0.009 
132 CAGURAT16   (16)    5 :  0.043 0.054 0.034 0.053 0.015 0.778 0.024 
133 CAGURAT17    (0)    5 :  0.032 0.401 0.022 0.110 0.017 0.406 0.012 
134 CAGURAT18   (41)    5 :  0.333 0.068 0.462 0.066 0.009 0.053 0.009 
135 CAGURAT19    (8)    5 :  0.017 0.010 0.017 0.020 0.023 0.898 0.016 
136 CAGURAT20   (16)    5 :  0.022 0.252 0.013 0.024 0.041 0.630 0.018 
137 CAGURAT21    (8)    5 :  0.017 0.005 0.017 0.008 0.063 0.875 0.014 
138 CAGURAT22    (8)    5 :  0.038 0.017 0.033 0.057 0.007 0.841 0.007 
139 CAGURAT23    (0)    5 :  0.021 0.021 0.020 0.037 0.005 0.891 0.006 
140 CAGURAT25    (0)    5 :  0.020 0.013 0.019 0.058 0.005 0.878 0.007 
141 CAGURAT29    (0)    5 :  0.057 0.013 0.042 0.629 0.006 0.241 0.012 
142 CAGURAT30    (0)    5 :  0.009 0.636 0.008 0.009 0.020 0.299 0.019 
143 CAGURAT31    (0)    5 :  0.041 0.007 0.021 0.155 0.006 0.761 0.008 
144 CAGURAT32    (8)    5 :  0.053 0.370 0.062 0.039 0.012 0.448 0.017 
145 CAGURAT33   (25)    5 :  0.012 0.014 0.013 0.014 0.006 0.932 0.008 
146 CAGURAT34    (0)    5 :  0.021 0.008 0.019 0.025 0.007 0.915 0.005 
147 CAGURAT35    (0)    5 :  0.144 0.009 0.077 0.189 0.104 0.467 0.011 
148 CAGURAT36    (0)    5 :  0.211 0.062 0.148 0.061 0.016 0.483 0.019 
149  CAGUWP1    (8)    6 :  0.017 0.011 0.016 0.013 0.011 0.924 0.008 
150  CAGUWP7    (8)    6 :  0.030 0.073 0.024 0.038 0.008 0.815 0.012 
151  CAGUWP9   (33)    6 :  0.009 0.011 0.008 0.011 0.014 0.937 0.009 
152 CAGUWP11   (16)    6 :  0.037 0.013 0.025 0.096 0.009 0.813 0.007 
153 CAGUWP14   (16)    6 :  0.144 0.024 0.106 0.016 0.015 0.662 0.034 
154 CAGUWP17   (16)    6 :  0.354 0.015 0.219 0.046 0.119 0.208 0.040 
155 CAGUWP18   (16)    6 :  0.038 0.024 0.031 0.051 0.029 0.819 0.009 
156 CAGUWP19    (8)    6 :  0.020 0.175 0.020 0.020 0.024 0.267 0.472 
157 CAGUWP20    (8)    6 :  0.009 0.007 0.009 0.008 0.010 0.952 0.006 
158 CAGUWP21   (16)    6 :  0.098 0.045 0.074 0.024 0.029 0.542 0.189 
159 CAGUWP22    (8)    6 :  0.024 0.112 0.018 0.017 0.105 0.697 0.025 
160  CAGUSD1   (25)    7 :  0.025 0.064 0.021 0.854 0.013 0.016 0.007 
161  CAGUSD3   (33)    7 :  0.191 0.183 0.212 0.284 0.059 0.029 0.042 
162  CAGUSD4    (0)    7 :  0.062 0.231 0.054 0.548 0.014 0.080 0.011 
163  CAGUSD5   (25)    7 :  0.031 0.011 0.035 0.890 0.008 0.017 0.009 
164  CAGUSD7    (8)    7 :  0.102 0.013 0.060 0.577 0.017 0.222 0.009 
165  CAGUSD8    (8)    7 :  0.200 0.028 0.215 0.462 0.011 0.075 0.009 
166  CAGUSD9    (8)    7 :  0.423 0.010 0.298 0.234 0.011 0.014 0.011 
167 CAGUSD11   (16)    7 :  0.217 0.177 0.149 0.144 0.013 0.260 0.040 
168 CAGUSD12   (16)    7 :  0.404 0.031 0.346 0.153 0.013 0.037 0.015 
169 CAGUSD14    (0)    7 :  0.117 0.012 0.061 0.769 0.005 0.025 0.011 
170 CAGUSD15    (8)    7 :  0.022 0.013 0.024 0.901 0.020 0.013 0.006 
171 CAGUSD16    (8)    7 :  0.062 0.494 0.077 0.287 0.027 0.045 0.008 
172 CAGUSD17   (16)    7 :  0.365 0.027 0.347 0.101 0.018 0.106 0.036 
173 CAGUSD18   (16)    7 :  0.087 0.026 0.086 0.418 0.014 0.282 0.087 
174 CAGUSD19    (0)    7 :  0.024 0.019 0.031 0.895 0.006 0.014 0.012 
175 CAGUSD20    (0)    7 :  0.024 0.055 0.017 0.784 0.084 0.013 0.022 
176 CAGUSD21    (0)    7 :  0.047 0.021 0.026 0.579 0.006 0.316 0.005 
177 CAGUSD22    (0)    7 :  0.212 0.019 0.273 0.378 0.011 0.102 0.006 
178 CAGUSD23   (16)    7 :  0.281 0.007 0.215 0.362 0.016 0.055 0.063 
179 CAGUSD25    (8)    7 :  0.064 0.549 0.046 0.193 0.082 0.047 0.019 
180 CAGUSD27    (0)    7 :  0.011 0.016 0.010 0.925 0.005 0.030 0.004 
181 CAGUSD28   (16)    7 :  0.233 0.016 0.271 0.351 0.014 0.104 0.011 
182 CAGUSD29    (8)    7 :  0.023 0.024 0.027 0.891 0.012 0.015 0.008 
183 CAGUSD30    (0)    7 :  0.076 0.150 0.048 0.644 0.027 0.042 0.013 
184 CAGUSD32    (0)    7 :  0.031 0.013 0.023 0.834 0.011 0.067 0.021 
185 CAGUSD33   (16)    7 :  0.016 0.009 0.013 0.932 0.008 0.016 0.006 
186 CAGUSD34    (8)    7 :  0.063 0.079 0.068 0.561 0.005 0.219 0.006 
187 CAGUSD35    (0)    7 :  0.097 0.028 0.115 0.707 0.016 0.007 0.031 
188 CAGURGR1   (16)    8 :  0.024 0.251 0.020 0.669 0.010 0.020 0.006 
189 CAGURGR4    (0)    8 :  0.152 0.166 0.107 0.107 0.026 0.417 0.024 
190 CAGURGR5    (0)    8 :  0.263 0.055 0.387 0.080 0.004 0.205 0.006 
191 CAGURGR6    (8)    8 :  0.207 0.326 0.262 0.154 0.015 0.022 0.013 
192 CAGURGR7    (0)    8 :  0.028 0.012 0.030 0.869 0.009 0.009 0.044 
193 CAGURGR8    (8)    8 :  0.363 0.030 0.541 0.020 0.006 0.034 0.007 
194 CAGURGR9   (16)    8 :  0.133 0.055 0.148 0.605 0.011 0.038 0.010 
195 CAGURGR10    (0)    8 :  0.015 0.006 0.016 0.895 0.007 0.008 0.053 
196 CAGURGR11    (0)    8 :  0.031 0.280 0.027 0.572 0.005 0.080 0.005 
197 CAGURGR12    (0)    8 :  0.064 0.651 0.079 0.020 0.020 0.008 0.157 
198 CAGURGR13    (0)    8 :  0.147 0.010 0.184 0.602 0.008 0.043 0.006 
199 CAGURGR14    (0)    8 :  0.068 0.302 0.052 0.538 0.013 0.014 0.014 
200 CAGURGR15   (25)    8 :  0.012 0.010 0.012 0.937 0.007 0.017 0.005 
201 CAGURGR16   (16)    8 :  0.250 0.073 0.356 0.144 0.007 0.160 0.010 
202 CAGURGR17    (8)    8 :  0.035 0.706 0.035 0.078 0.015 0.123 0.008 
203 CAGURGR19    (0)    8 :  0.071 0.018 0.071 0.805 0.012 0.008 0.016 
204 CAGURGR21    (8)    8 :  0.174 0.013 0.162 0.246 0.074 0.316 0.014 
205 CAGURGR22    (0)    8 :  0.033 0.801 0.032 0.057 0.044 0.014 0.020 
206 CAGURGR23   (16)    8 :  0.017 0.008 0.017 0.598 0.007 0.158 0.197 
207 CAGURGR24    (8)    8 :  0.318 0.147 0.418 0.051 0.011 0.042 0.012 
208  CAGUCM1    (0)   10 :  0.218 0.010 0.151 0.526 0.055 0.021 0.020 
209  CAGUCM2    (0)   10 :  0.239 0.006 0.225 0.496 0.010 0.011 0.013 
210  CAGUCM3    (0)   10 :  0.533 0.024 0.355 0.051 0.010 0.016 0.012 
211  CAGUCM4    (0)   10 :  0.375 0.004 0.578 0.009 0.007 0.005 0.021 
212  CAGUCM5   (33)   10 :  0.305 0.009 0.200 0.371 0.015 0.088 0.011 
213  CAGUCM6    (0)   10 :  0.504 0.009 0.378 0.043 0.026 0.014 0.026 
214  CAGUCM7    (0)   10 :  0.062 0.008 0.034 0.865 0.005 0.019 0.007 
215  CAGUCM8    (0)   10 :  0.171 0.013 0.114 0.558 0.013 0.075 0.056 
216  CAGUCM9    (0)   10 :  0.407 0.008 0.219 0.315 0.007 0.038 0.006 
217 CAGUCM10    (0)   10 :  0.120 0.021 0.094 0.734 0.006 0.007 0.017 
218 CAGUCM11    (0)   10 :  0.218 0.017 0.205 0.464 0.027 0.029 0.039 
219 CAGUCM12    (8)   10 :  0.276 0.010 0.278 0.349 0.036 0.013 0.038 
220 CAGUCM13    (0)   10 :  0.283 0.007 0.250 0.379 0.009 0.011 0.062 
221 CAGULPR1    (0)   11 :  0.065 0.016 0.056 0.284 0.013 0.550 0.015 
222 CAGULPR2    (0)   11 :  0.299 0.047 0.437 0.029 0.142 0.022 0.023 
223 CAGULPR3    (0)   11 :  0.029 0.005 0.023 0.926 0.004 0.007 0.006 
224 CAGULPR4    (0)   11 :  0.192 0.010 0.100 0.621 0.019 0.049 0.009 
225 CAGULPR5    (0)   11 :  0.339 0.006 0.480 0.131 0.007 0.026 0.009 
226 CAGULPR6    (0)   11 :  0.311 0.016 0.401 0.060 0.156 0.037 0.018 
227 CAGULPR7    (0)   11 :  0.407 0.006 0.425 0.080 0.043 0.013 0.025 
228 CAGULPR8    (0)   11 :  0.016 0.008 0.015 0.935 0.005 0.014 0.007 
229 CAGULPR9    (0)   11 :  0.373 0.007 0.469 0.114 0.007 0.020 0.010 
230 CAGULPR10    (0)   11 :  0.064 0.485 0.066 0.185 0.006 0.187 0.007 
231 CAGULPR11    (0)   11 :  0.164 0.115 0.145 0.442 0.005 0.122 0.008 
232 CAGULPR12    (0)   11 :  0.069 0.011 0.072 0.266 0.005 0.537 0.040 
233 CAGULPR13    (0)   11 :  0.221 0.039 0.134 0.281 0.023 0.281 0.021 
234 CAGULPR14    (0)   11 :  0.238 0.034 0.163 0.504 0.006 0.049 0.006 
235 CAGULPR15    (0)   11 :  0.369 0.008 0.569 0.018 0.007 0.021 0.008 
236 CAGULPR16    (0)   11 :  0.274 0.174 0.209 0.126 0.088 0.091 0.038 
237 CAGULPR17    (0)   11 :  0.132 0.005 0.138 0.128 0.219 0.032 0.347 
238 CAGULPR18    (0)   11 :  0.138 0.006 0.100 0.589 0.009 0.148 0.009 
239 CAGULPR19    (0)   11 :  0.187 0.006 0.144 0.591 0.013 0.041 0.017 
240 CAGULPR20    (0)   11 :  0.043 0.016 0.044 0.531 0.009 0.326 0.032 
241 CAGULPR21    (0)   11 :  0.112 0.014 0.101 0.314 0.275 0.135 0.050 
242 CAGULPR22    (0)   11 :  0.362 0.006 0.531 0.054 0.019 0.009 0.018 
243 CAGULPR23    (0)   11 :  0.174 0.021 0.094 0.632 0.043 0.017 0.019 
244 CAGULPR24    (0)   11 :  0.245 0.010 0.347 0.249 0.015 0.108 0.026 
245 CAGULPR25    (0)   11 :  0.012 0.008 0.012 0.937 0.004 0.023 0.005 
246 CAGULPR26    (0)   11 :  0.326 0.005 0.546 0.013 0.070 0.006 0.035 
247 CAGULPR28    (0)   11 :  0.150 0.006 0.072 0.718 0.005 0.043 0.007 
248 CAGULPR29    (8)   11 :  0.375 0.009 0.433 0.117 0.016 0.028 0.022 
249  CAGUPB1    (0)   12 :  0.122 0.020 0.124 0.214 0.045 0.459 0.015 
250  CAGUPB2    (0)   12 :  0.583 0.007 0.367 0.017 0.008 0.008 0.009 
251  CAGUPB3    (0)   12 :  0.360 0.061 0.536 0.020 0.006 0.011 0.007 
252  CAGUPB4    (0)   12 :  0.386 0.011 0.516 0.049 0.013 0.011 0.014 
253  CAGUPB5    (0)   12 :  0.411 0.027 0.288 0.153 0.013 0.089 0.019 
254  CAGUPB6    (0)   12 :  0.066 0.044 0.070 0.131 0.009 0.671 0.009 
255  CAGUPB7    (0)   12 :  0.362 0.024 0.497 0.074 0.010 0.024 0.009 
256  CAGUPB8    (0)   12 :  0.336 0.074 0.215 0.311 0.008 0.048 0.008 
257  CAGUPB9    (0)   12 :  0.428 0.015 0.327 0.125 0.008 0.059 0.038 
258 CAGUPB10    (0)   12 :  0.466 0.014 0.455 0.028 0.015 0.008 0.014 
259 CAGUPB11    (8)   12 :  0.430 0.010 0.508 0.022 0.007 0.013 0.009 
260 CAGUPB12    (0)   12 :  0.211 0.010 0.206 0.032 0.055 0.423 0.063 
261 CAGUPB13    (0)   12 :  0.344 0.032 0.538 0.009 0.023 0.020 0.034 
262 CAGUPB14    (0)   12 :  0.171 0.023 0.175 0.099 0.005 0.287 0.240 
263 CAGUPB15    (0)   12 :  0.357 0.008 0.467 0.137 0.007 0.012 0.012 
264 CAGUPB16    (0)   12 :  0.422 0.010 0.375 0.164 0.013 0.008 0.009 
265 CAGUPB18    (0)   12 :  0.386 0.119 0.319 0.139 0.012 0.016 0.010 
266 CAGUPB19    (0)   12 :  0.487 0.015 0.384 0.084 0.007 0.013 0.011 
267 CAGUPB20    (0)   12 :  0.506 0.021 0.368 0.044 0.015 0.036 0.009 
268 CAGUPB22    (0)   12 :  0.473 0.011 0.365 0.099 0.020 0.018 0.014 
269 CAGUPB23   (16)   12 :  0.407 0.009 0.459 0.075 0.013 0.013 0.023 
270 CAGUPB24    (0)   12 :  0.454 0.016 0.347 0.055 0.023 0.067 0.039 
271 CAGUPB25    (0)   12 :  0.414 0.008 0.499 0.028 0.026 0.009 0.016 
272 CAGUPB26    (0)   12 :  0.287 0.009 0.434 0.017 0.016 0.047 0.192 
273 CAGUPB27    (0)   12 :  0.576 0.009 0.316 0.067 0.009 0.015 0.009 
274 CAGUPB28    (8)   12 :  0.353 0.014 0.523 0.069 0.010 0.022 0.008 
275 CAGUPB29    (0)   12 :  0.032 0.030 0.023 0.880 0.005 0.022 0.008 
276 CAGUPB30    (0)   12 :  0.088 0.017 0.098 0.764 0.005 0.021 0.008 
277 CAGUPB31    (0)   12 :  0.370 0.015 0.418 0.074 0.038 0.027 0.059 
278 CAGUPB32    (0)   12 :  0.344 0.019 0.492 0.105 0.011 0.018 0.011 
279  CAGUMB1    (0)   13 :  0.336 0.034 0.257 0.120 0.069 0.152 0.031 
280  CAGUMB2    (0)   13 :  0.201 0.057 0.127 0.278 0.036 0.270 0.033 
281  CAGUMB3    (0)   13 :  0.197 0.017 0.270 0.417 0.038 0.021 0.040 
282  CAGUMB4    (0)   13 :  0.350 0.010 0.430 0.164 0.011 0.011 0.024 
283  CAGUMB6    (0)   13 :  0.395 0.042 0.335 0.158 0.015 0.048 0.006 
284  CAGUMB8    (0)   13 :  0.220 0.338 0.178 0.230 0.008 0.016 0.009 
285  CAGUMB9    (0)   13 :  0.492 0.018 0.409 0.042 0.007 0.025 0.007 
286 CAGUMB10    (0)   13 :  0.357 0.009 0.293 0.082 0.012 0.197 0.049 
287 CAGUMB11    (0)   13 :  0.249 0.023 0.230 0.099 0.010 0.374 0.015 
288 CAGUMB12    (0)   13 :  0.232 0.079 0.271 0.117 0.017 0.277 0.008 
289 CAGUMB14    (0)   13 :  0.349 0.010 0.527 0.014 0.009 0.011 0.080 
290 CAGUMB15    (0)   13 :  0.133 0.008 0.094 0.702 0.019 0.034 0.009 
291 CAGUMB16    (0)   13 :  0.190 0.032 0.149 0.563 0.009 0.012 0.046 
292 CAGUMB17    (0)   13 :  0.351 0.039 0.299 0.212 0.042 0.030 0.027 
293 CAGUMB18    (0)   13 :  0.346 0.009 0.524 0.086 0.011 0.016 0.009 
294 CAGUMB19    (0)   13 :  0.045 0.010 0.049 0.856 0.007 0.017 0.015 
295 CAGUMB20    (0)   13 :  0.352 0.010 0.563 0.022 0.007 0.017 0.029 
296 CAGUMB21    (0)   13 :  0.056 0.007 0.054 0.786 0.006 0.082 0.009 
297 CAGUMB22    (0)   13 :  0.358 0.008 0.576 0.033 0.005 0.010 0.011 
298 CAGUMB24    (0)   13 :  0.207 0.008 0.308 0.022 0.004 0.291 0.159 
299 CAGUMB25    (0)   13 :  0.383 0.012 0.309 0.013 0.023 0.103 0.158 
300 CAGUMB26    (0)   13 :  0.186 0.016 0.146 0.382 0.018 0.245 0.007 
301 CAGUMB27    (8)   13 :  0.323 0.010 0.215 0.292 0.024 0.127 0.009 
302 CAGUMB28    (0)   13 :  0.046 0.011 0.030 0.827 0.005 0.075 0.006 
303 CAGUMB29    (0)   13 :  0.353 0.106 0.442 0.029 0.009 0.049 0.012 
304 CAGUMB30    (0)   13 :  0.378 0.007 0.496 0.014 0.021 0.014 0.071 
305 CAGUMB31    (0)   13 :  0.373 0.020 0.535 0.046 0.006 0.010 0.012 
306  CAGUFP1    (8)   14 :  0.197 0.005 0.150 0.439 0.170 0.008 0.032 
307  CAGUFP2    (8)   14 :  0.310 0.007 0.207 0.423 0.010 0.020 0.022 
308  CAGUFP3   (25)   14 :  0.178 0.009 0.086 0.652 0.010 0.053 0.012 
309  CAGUFP4    (8)   14 :  0.206 0.019 0.165 0.449 0.079 0.023 0.059 
310  CAGUFP5    (8)   14 :  0.071 0.011 0.049 0.834 0.012 0.013 0.010 
311  CAGUFP6    (0)   14 :  0.363 0.013 0.234 0.342 0.012 0.019 0.017 
312  CAGUFP7    (0)   14 :  0.255 0.065 0.174 0.271 0.030 0.109 0.097 
313  CAGUFP8   (16)   14 :  0.240 0.009 0.378 0.011 0.334 0.010 0.019 
314  CAGUFP9   (16)   14 :  0.317 0.008 0.509 0.012 0.115 0.013 0.026 
315 CAGUFP10    (0)   14 :  0.343 0.013 0.481 0.024 0.057 0.017 0.063 
316 CAGUFP11    (0)   14 :  0.355 0.025 0.479 0.059 0.049 0.024 0.010 
317 CAGUFP12    (0)   14 :  0.353 0.025 0.401 0.091 0.026 0.051 0.053 
318 CAGUFP14    (0)   14 :  0.198 0.010 0.215 0.437 0.098 0.022 0.020 
319 CAGUFP15    (0)   14 :  0.508 0.013 0.334 0.105 0.005 0.026 0.010 
320 CAGUFP16    (0)   14 :  0.179 0.023 0.146 0.160 0.049 0.033 0.410 
321 CAGUFP17    (0)   14 :  0.337 0.045 0.470 0.062 0.029 0.048 0.009 
322 CAGUFP18    (0)   14 :  0.512 0.011 0.337 0.030 0.049 0.049 0.012 
323 CAGUFP19    (0)   14 :  0.492 0.018 0.318 0.037 0.047 0.075 0.012 
324 CAGUFP20   (25)   14 :  0.121 0.013 0.099 0.730 0.007 0.022 0.008 
325 CAGUFP21    (0)   14 :  0.329 0.010 0.529 0.102 0.005 0.013 0.012 
326 CAGUFP22    (8)   14 :  0.472 0.013 0.306 0.041 0.038 0.115 0.015 
327 CAGUFP23    (0)   14 :  0.360 0.021 0.320 0.164 0.007 0.114 0.014 
328 CAGUFP24    (0)   14 :  0.349 0.029 0.498 0.056 0.013 0.046 0.009 
329 CAGUFP25    (0)   14 :  0.104 0.009 0.106 0.629 0.010 0.118 0.024 
330 CAGUFP27    (0)   14 :  0.356 0.006 0.537 0.036 0.033 0.009 0.023 
331 CAGUFP28   (16)   14 :  0.131 0.117 0.138 0.513 0.006 0.086 0.009 
332 CAGUFP29    (0)   14 :  0.098 0.020 0.063 0.708 0.013 0.036 0.063 
333 CAGUFP30    (0)   14 :  0.020 0.010 0.019 0.922 0.005 0.016 0.008 
334 CAGUFP31    (0)   14 :  0.161 0.008 0.191 0.452 0.074 0.008 0.107 
335 CAGUFP32    (8)   14 :  0.045 0.012 0.045 0.846 0.022 0.012 0.018 
336 CAGUFP33    (8)   14 :  0.179 0.154 0.139 0.313 0.007 0.028 0.181 
337 CAGUFP34    (0)   14 :  0.179 0.011 0.182 0.444 0.008 0.146 0.029 
338 CAGUDIX1    (0)   15 :  0.213 0.023 0.203 0.380 0.035 0.016 0.130 
339 CAGUDIX2    (0)   15 :  0.379 0.011 0.422 0.128 0.012 0.009 0.039 
340 CAGUDIX3    (0)   15 :  0.333 0.013 0.448 0.036 0.085 0.016 0.069 
341 CAGUDIX4    (0)   15 :  0.459 0.025 0.319 0.043 0.047 0.010 0.096 
342 CAGUDIX5    (0)   15 :  0.294 0.009 0.441 0.042 0.009 0.012 0.192 
343 CAGUDIX6    (0)   15 :  0.361 0.009 0.568 0.015 0.014 0.010 0.022 
344 CAGUDIX7    (0)   15 :  0.372 0.013 0.486 0.080 0.009 0.032 0.009 
345 CAGUDIX8    (0)   15 :  0.459 0.005 0.463 0.013 0.013 0.011 0.036 
346 CAGUDIX9    (0)   15 :  0.480 0.016 0.361 0.105 0.010 0.020 0.008 
347 CAGUDIX10    (0)   15 :  0.326 0.059 0.289 0.293 0.006 0.017 0.010 
348 CAGUDIX11    (8)   15 :  0.491 0.012 0.327 0.119 0.024 0.013 0.013 
349 CAGUDIX12    (0)   15 :  0.053 0.013 0.056 0.816 0.013 0.018 0.030 
350 CAGUDIX13    (0)   15 :  0.127 0.107 0.087 0.552 0.023 0.020 0.084 
351 CAGUDIX14    (8)   15 :  0.040 0.006 0.043 0.458 0.008 0.017 0.429 
352 CAGUDIX15   (25)   15 :  0.309 0.008 0.377 0.251 0.011 0.032 0.011 
353 CAGUDIX16    (0)   15 :  0.166 0.017 0.125 0.585 0.007 0.067 0.033 
354 CAGUDIX17    (0)   15 :  0.396 0.005 0.541 0.020 0.012 0.009 0.016 
355 CAGUDIX18    (0)   15 :  0.337 0.014 0.443 0.108 0.035 0.021 0.042 
356 CAGUDIX19    (0)   15 :  0.257 0.014 0.366 0.045 0.006 0.304 0.008 
357 CAGUDIX20    (0)   15 :  0.249 0.006 0.395 0.182 0.017 0.016 0.135 
358 CAGUDIX21   (16)   15 :  0.466 0.012 0.407 0.077 0.010 0.013 0.015 
359 CAGUDIX22    (0)   15 :  0.401 0.006 0.384 0.127 0.037 0.029 0.017 
360 CAGUDIX23    (0)   15 :  0.095 0.009 0.097 0.598 0.015 0.011 0.174 
361 CAGUDIX24    (0)   15 :  0.363 0.023 0.429 0.149 0.005 0.021 0.009 
362 CAGUDIX25    (0)   15 :  0.270 0.012 0.221 0.051 0.016 0.046 0.384 
363 CAGUDIX26    (0)   15 :  0.324 0.057 0.508 0.023 0.047 0.009 0.032 
364 CAGUDIX27    (0)   15 :  0.379 0.012 0.273 0.042 0.027 0.011 0.258 
365 CAGUDIX28    (0)   15 :  0.519 0.008 0.335 0.051 0.008 0.065 0.014 
366 CAGUDIX29    (0)   15 :  0.384 0.011 0.518 0.051 0.008 0.012 0.017 
367 CAGUDIX30    (8)   15 :  0.195 0.014 0.196 0.036 0.011 0.529 0.019 
368 CAGUDIX31    (8)   15 :  0.248 0.013 0.342 0.038 0.007 0.185 0.167 
369 CAGUDIX32    (0)   15 :  0.343 0.007 0.519 0.026 0.044 0.008 0.053 
370 CAGUCR1151    (0)   16 :  0.233 0.129 0.219 0.026 0.265 0.041 0.086 
371 CAGUCR1152   (16)   16 :  0.345 0.017 0.230 0.011 0.303 0.010 0.083 
372  CAGUSL1    (8)   17 :  0.051 0.054 0.039 0.075 0.719 0.045 0.017 
373  CAGUSL2    (0)   17 :  0.436 0.011 0.412 0.029 0.079 0.011 0.022 
374  CAGUSL3    (0)   17 :  0.173 0.036 0.133 0.025 0.466 0.148 0.018 
375  CAGUSL4    (0)   17 :  0.043 0.007 0.044 0.040 0.703 0.010 0.152 
376  CAGUSL5    (0)   17 :  0.079 0.006 0.095 0.161 0.572 0.026 0.061 
377  CAGUSL6    (0)   17 :  0.166 0.022 0.205 0.068 0.446 0.056 0.037 
378  CAGUSL7    (0)   17 :  0.327 0.038 0.221 0.158 0.107 0.080 0.068 
379  CAGUSL8    (0)   17 :  0.249 0.046 0.196 0.027 0.318 0.028 0.135 
380  CAGUSL9   (25)   17 :  0.342 0.012 0.513 0.066 0.033 0.016 0.018 
381 CAGUSL10    (8)   17 :  0.125 0.011 0.082 0.206 0.500 0.056 0.020 
382 CAGUSL11   (16)   17 :  0.083 0.009 0.068 0.053 0.616 0.016 0.156 
383 CAGUSL12    (0)   17 :  0.133 0.024 0.108 0.199 0.467 0.051 0.017 
384 CAGUSL13    (0)   17 :  0.074 0.017 0.060 0.075 0.656 0.100 0.019 
385 CAGUSL14    (0)   17 :  0.448 0.008 0.342 0.079 0.063 0.037 0.023 
386 CAGUSL15    (8)   17 :  0.231 0.034 0.163 0.070 0.428 0.034 0.039 
387 CAGUSL16    (0)   17 :  0.302 0.039 0.165 0.321 0.128 0.020 0.026 
388 CAGUSL17    (8)   17 :  0.013 0.009 0.013 0.012 0.014 0.005 0.934 
389 CAGUSL18    (0)   17 :  0.060 0.068 0.059 0.079 0.578 0.134 0.023 
390 CAGUSL19    (0)   17 :  0.251 0.097 0.304 0.133 0.090 0.035 0.089 
391 CAGUSL20    (8)   17 :  0.054 0.017 0.045 0.066 0.746 0.022 0.050 
392 CAGUSL21    (0)   17 :  0.078 0.023 0.074 0.143 0.610 0.038 0.035 
393 CAGUSL22    (0)   17 :  0.132 0.034 0.133 0.248 0.386 0.035 0.032 
394 CAGUSL23    (8)   17 :  0.107 0.013 0.165 0.030 0.648 0.012 0.024 
395 CAGUSL24    (0)   17 :  0.379 0.007 0.264 0.114 0.053 0.133 0.049 
396 CAGUSL25    (8)   17 :  0.291 0.041 0.210 0.278 0.031 0.069 0.080 
397 CAGUSL26    (8)   17 :  0.425 0.010 0.430 0.065 0.032 0.016 0.021 
398 CAGUSL27    (0)   17 :  0.019 0.011 0.020 0.021 0.897 0.022 0.010 
399 CAGUSL28    (0)   17 :  0.122 0.012 0.175 0.091 0.416 0.093 0.092 
400 CAGUSL29    (0)   17 :  0.352 0.011 0.485 0.101 0.010 0.013 0.028 
401 CAGUSL30    (0)   17 :  0.143 0.022 0.147 0.069 0.576 0.014 0.028 
402 CAGUSL31    (0)   17 :  0.165 0.010 0.262 0.032 0.491 0.024 0.015 
403 CAGUSL32    (8)   17 :  0.344 0.007 0.552 0.013 0.034 0.006 0.043 
404  CAGUSR1    (0)   18 :  0.037 0.112 0.033 0.033 0.728 0.046 0.011 
405  CAGUSR2    (8)   18 :  0.035 0.030 0.033 0.036 0.720 0.119 0.028 
406  CAGUSR3    (8)   18 :  0.010 0.007 0.009 0.009 0.934 0.011 0.020 
407  CAGUSR4    (8)   18 :  0.063 0.040 0.062 0.062 0.710 0.024 0.039 
408  CAGUSR5    (0)   18 :  0.041 0.020 0.049 0.055 0.814 0.010 0.012 
409  CAGUSR6    (0)   18 :  0.274 0.019 0.309 0.215 0.077 0.044 0.061 
410  CAGUSR7    (0)   18 :  0.047 0.027 0.069 0.011 0.703 0.108 0.034 
411  CAGUSR8    (8)   18 :  0.075 0.007 0.080 0.058 0.691 0.006 0.084 
412  CAGUSR9    (8)   18 :  0.006 0.004 0.006 0.007 0.962 0.010 0.006 
413 CAGUSR10    (8)   18 :  0.012 0.020 0.011 0.009 0.922 0.009 0.016 
414 CAGUSR11    (0)   18 :  0.132 0.011 0.148 0.014 0.610 0.048 0.038 
415 CAGUSR12    (8)   18 :  0.072 0.060 0.054 0.012 0.771 0.005 0.025 
416 CAGUSR13   (16)   18 :  0.034 0.013 0.040 0.017 0.813 0.032 0.051 
417 CAGUSR14    (0)   18 :  0.056 0.038 0.065 0.084 0.649 0.049 0.058 
418 CAGUSR15    (8)   18 :  0.115 0.028 0.132 0.040 0.460 0.019 0.207 
419 CAGUSR16    (8)   18 :  0.247 0.082 0.203 0.083 0.190 0.025 0.169 
420 CAGUSR17    (0)   18 :  0.023 0.012 0.022 0.042 0.856 0.030 0.015 
421 CAGUSR18    (0)   18 :  0.150 0.122 0.148 0.060 0.351 0.017 0.153 
422 CAGUSR19    (8)   18 :  0.075 0.006 0.094 0.014 0.650 0.060 0.101 
423 CAGUSR20    (0)   18 :  0.069 0.039 0.115 0.013 0.691 0.058 0.015 
424 CAGUSR21    (0)   18 :  0.026 0.043 0.028 0.027 0.654 0.189 0.032 
425 CAGUSR22    (0)   18 :  0.015 0.070 0.016 0.019 0.857 0.011 0.012 
426 CAGUSR23    (0)   18 :  0.373 0.036 0.369 0.059 0.045 0.032 0.086 
427 CAGUSR24    (0)   18 :  0.316 0.034 0.308 0.088 0.100 0.118 0.036 
428 CAGUSR25    (8)   18 :  0.250 0.024 0.169 0.075 0.437 0.021 0.024 
429 CAGUSR26    (0)   18 :  0.150 0.006 0.113 0.011 0.394 0.054 0.272 
430 CAGUSR27    (0)   18 :  0.121 0.007 0.085 0.030 0.692 0.052 0.013 
431 CAGUSR28    (0)   18 :  0.014 0.015 0.014 0.015 0.923 0.011 0.008 
432 CAGUSR29    (0)   18 :  0.241 0.015 0.220 0.009 0.452 0.006 0.058 
433 CAGUSR30    (8)   18 :  0.065 0.053 0.094 0.015 0.134 0.007 0.633 
434 CAGUSR31    (0)   18 :  0.036 0.013 0.036 0.032 0.696 0.102 0.083 
435 CAGUSR32    (0)   18 :  0.013 0.010 0.011 0.007 0.939 0.005 0.016 
436 CAGUDCR1    (0)   19 :  0.010 0.013 0.009 0.010 0.942 0.006 0.010 
437 CAGUDCR2    (8)   19 :  0.099 0.020 0.111 0.042 0.578 0.020 0.130 
438 CAGUDCR3    (0)   19 :  0.024 0.026 0.025 0.035 0.853 0.017 0.021 
439 CAGUDCR4    (0)   19 :  0.006 0.004 0.006 0.006 0.968 0.005 0.005 
440 CAGUDCR5    (8)   19 :  0.010 0.010 0.010 0.012 0.941 0.009 0.008 
441 CAGUDCR6    (0)   19 :  0.007 0.004 0.008 0.005 0.961 0.004 0.010 
442 CAGUDCR7    (0)   19 :  0.006 0.005 0.007 0.007 0.951 0.005 0.019 
443 CAGUDCR8    (0)   19 :  0.035 0.018 0.031 0.023 0.774 0.070 0.049 
444 CAGUDCR9   (16)   19 :  0.006 0.004 0.006 0.005 0.966 0.005 0.009 
445 CAGUDCR10    (0)   19 :  0.006 0.177 0.005 0.006 0.795 0.005 0.005 
446 CAGUDCR11    (0)   19 :  0.021 0.018 0.024 0.026 0.887 0.010 0.014 
447 CAGUDCR12    (0)   19 :  0.013 0.006 0.014 0.008 0.847 0.007 0.105 
448 CAGUDCR13    (0)   19 :  0.012 0.012 0.012 0.013 0.880 0.020 0.051 
449 CAGUDCR15    (0)   19 :  0.007 0.006 0.006 0.007 0.961 0.006 0.007 
450 CAGUDCR16    (0)   19 :  0.011 0.037 0.011 0.011 0.746 0.010 0.175 
451 CAGUDCR17    (0)   19 :  0.011 0.007 0.016 0.006 0.949 0.004 0.007 
452 CAGUDCR18    (0)   19 :  0.026 0.006 0.028 0.014 0.883 0.006 0.036 
453 CAGUDCR19    (0)   19 :  0.086 0.012 0.104 0.041 0.717 0.031 0.009 
454 CAGUDCR20    (0)   19 :  0.010 0.007 0.010 0.006 0.952 0.004 0.011 
455 CAGUDCR21    (8)   19 :  0.016 0.021 0.015 0.023 0.869 0.009 0.047 
456 CAGUDCR22   (16)   19 :  0.023 0.007 0.026 0.017 0.904 0.012 0.011 
457 CAGUDCR23    (8)   19 :  0.009 0.004 0.007 0.009 0.950 0.009 0.011 
458 CAGUDCR24    (0)   19 :  0.006 0.005 0.006 0.006 0.967 0.004 0.007 
459 CAGUDCR25    (0)   19 :  0.005 0.004 0.005 0.005 0.964 0.008 0.008 
460 CAGUDCR26    (8)   19 :  0.014 0.033 0.013 0.021 0.898 0.013 0.008 
461 CAGUDCR27    (8)   19 :  0.136 0.011 0.093 0.014 0.727 0.007 0.012 
462 CAGUDCR28    (8)   19 :  0.007 0.005 0.007 0.007 0.961 0.005 0.007 
463 CAGUDCR29    (0)   19 :  0.007 0.007 0.007 0.007 0.959 0.007 0.005 
464 CAGUDCR30    (0)   19 :  0.006 0.004 0.006 0.005 0.959 0.004 0.017 
465 CAGUDCR31    (0)   19 :  0.004 0.004 0.004 0.004 0.975 0.004 0.005 
466 CAGUDCR32   (16)   19 :  0.006 0.004 0.006 0.005 0.963 0.004 0.010 
467 CAGUSCR1    (8)   20 :  0.028 0.004 0.036 0.013 0.875 0.006 0.037 
468 CAGUSCR2    (8)   20 :  0.011 0.014 0.011 0.015 0.822 0.014 0.112 
469 CAGUSCR3    (0)   20 :  0.006 0.005 0.006 0.006 0.967 0.004 0.006 
470 CAGUSCR4    (8)   20 :  0.058 0.006 0.087 0.014 0.814 0.008 0.014 
471 CAGUSCR5    (0)   20 :  0.018 0.006 0.018 0.011 0.542 0.325 0.079 
472 CAGUSCR6    (0)   20 :  0.009 0.005 0.008 0.008 0.940 0.021 0.010 
473 CAGUSCR7    (8)   20 :  0.013 0.013 0.013 0.008 0.890 0.020 0.044 
474 CAGUSCR8   (25)   20 :  0.018 0.012 0.017 0.012 0.671 0.009 0.260 
475 CAGUSCR9    (8)   20 :  0.005 0.004 0.004 0.005 0.967 0.008 0.007 
476 CAGUSCR10    (8)   20 :  0.005 0.005 0.005 0.004 0.972 0.003 0.007 
477 CAGUSCR11   (25)   20 :  0.033 0.032 0.028 0.029 0.729 0.012 0.137 
478 CAGUSCR12    (0)   20 :  0.061 0.009 0.069 0.040 0.691 0.008 0.122 
479 CAGUSCR13    (0)   20 :  0.019 0.006 0.019 0.013 0.878 0.010 0.055 
480 CAGUSCR14    (0)   20 :  0.007 0.006 0.007 0.004 0.960 0.003 0.013 
481 CAGUSCR15    (0)   20 :  0.069 0.011 0.080 0.055 0.232 0.016 0.537 
482 CAGUSCR16    (0)   20 :  0.009 0.013 0.009 0.008 0.946 0.008 0.008 
483 CAGUSCR17    (8)   20 :  0.009 0.005 0.009 0.006 0.952 0.006 0.014 
484 CAGUSCR18    (0)   20 :  0.005 0.005 0.005 0.004 0.970 0.004 0.007 
485 CAGUSCR19   (25)   20 :  0.021 0.010 0.020 0.013 0.158 0.041 0.737 
486 CAGUSCR20   (25)   20 :  0.012 0.013 0.013 0.009 0.936 0.005 0.014 
487 CAGUSCR21    (0)   20 :  0.021 0.025 0.019 0.016 0.193 0.206 0.519 
488 CAGUSCR22   (16)   20 :  0.010 0.013 0.010 0.010 0.883 0.056 0.019 
489 CAGUSCR23    (0)   20 :  0.010 0.006 0.009 0.009 0.951 0.005 0.010 
490 CAGUSCR24    (8)   20 :  0.008 0.006 0.008 0.007 0.956 0.007 0.008 
491 CAGUSCR25   (16)   20 :  0.009 0.008 0.008 0.006 0.945 0.006 0.018 
492 CAGUSCR26    (8)   20 :  0.011 0.006 0.013 0.008 0.925 0.018 0.019 
493 CAGUSCR27    (8)   20 :  0.021 0.044 0.018 0.018 0.803 0.070 0.026 
494 CAGUSCR28    (0)   20 :  0.006 0.006 0.006 0.006 0.964 0.005 0.007 
495 CAGUSCR29    (8)   20 :  0.017 0.006 0.019 0.007 0.935 0.005 0.011 
496 CAGUSCR30   (16)   20 :  0.006 0.004 0.006 0.005 0.967 0.005 0.007 
497  CAGURC2    (8)   21 :  0.070 0.168 0.074 0.043 0.593 0.034 0.018 
498  CAGURC3    (8)   21 :  0.083 0.018 0.059 0.008 0.415 0.010 0.407 
499  CAGURC4    (0)   21 :  0.036 0.025 0.043 0.014 0.524 0.263 0.096 
500  CAGURC6    (0)   21 :  0.019 0.006 0.016 0.017 0.203 0.015 0.725 
501  CAGURC7    (0)   21 :  0.013 0.105 0.013 0.009 0.041 0.013 0.805 
502 CAGURC10    (0)   21 :  0.064 0.020 0.049 0.034 0.226 0.093 0.513 
503 CAGURC11    (0)   21 :  0.412 0.121 0.349 0.016 0.009 0.031 0.062 
504 CAGURC13   (25)   21 :  0.013 0.009 0.012 0.015 0.035 0.025 0.891 
505 CAGURC19    (0)   21 :  0.117 0.015 0.191 0.014 0.034 0.006 0.624 
506 CAGURC20    (8)   21 :  0.122 0.075 0.184 0.042 0.538 0.023 0.016 
